*************************
0, 0, 0, 0 
0, 0, 0, 0 
0, 0,10 
83, -110, -79, 110 
83, -110, -79, 110 
83, -110, -79, 110 
83, -110, -79, 110 
83, -110, -79, 110 
83, -110, -79, 110 
83, -110, -79, 110 
83, -110, -79, 110 
83, -110, -79, 110 
83, -110, -79, 110 
83, -110, -79, 110 
83, -110, -79, 110 
83, -110, -79, 110 
83, -110, -79, 110 
83, -110, -79, 110 
83, -110, -79, 110 
83, -110, -79, 110 
83, -1-219, -185, 192 
184, -219, -185, 192 
184, -219, -185, 192 
184, -219, -185, 192 
184, -219, -185, 192 
184, -219, -185, 192 
184, -219, -185, 192 
184, -219, -185, 192 
184, -219, -185, 192 
184, -219, -185, 192 
184, -219, -185, 192 
184, -219, -185, 192 
184, -219, -185, 192 
184, -219, -185, 192 
184, -219, -185, 192 
184, -219, -185, 192 
184-343, -308, 359 
303, -343, -308, 359 
303, -343, -308, 359 
303, -343, -308, 359 
303, -343, -308, 359 
303, -343, -308, 359 
303, -343, -308, 359 
303, -343, -308, 359 
303, -343, -308, 359 
303, -343, -308, 359 
303, -343, -308, 359 
365, -343, -371, 359 
365, -343, -371, 359 
365, -343, -371, 359 
365, -343, -371, 359 
365, -343, -371, 359 
365-473, -434, 420 
423, -473, -434, 420 
423, -473, -434, 420 
423, -473, -434, 420 
423, -473, -434, 497 
423, -473, -434, 497 
423, -473, -434, 497 
423, -473, -434, 497 
423, -473, -434, 497 
423, -473, -434, 497 
423, -473, -434, 497 
423, -473, -434, 497 
423, -473, -434, 497 
423, -473, -434, 497 
423, -473, -434, 497 
423, -473, -434, 497 
423-618, -582, 631 
572, -618, -582, 631 
572, -618, -582, 631 
647, -618, -658, 631 
647, -618, -658, 631 
647, -618, -658, 631 
647, -618, -658, 631 
647, -618, -658, 631 
647, -618, -658, 631 
647, -618, -658, 631 
647, -618, -658, 631 
647, -618, -658, 631 
647, -618, -658, 631 
647, -618, -658, 631 
647, -689, -658, 631 
647, -689, -658, 631 
647-757, -728, 704 
715, -757, -728, 704 
715, -757, -728, 704 
715, -757, -728, 704 
715, -757, -728, 704 
715, -757, -728, 704 
715, -757, -728, 704 
715, -757, -728, 704 
715, -757, -728, 704 
715, -757, -728, 704 
715, -757, -728, 704 
715, -757, -728, 704 
715, -757, -728, 704 
715, -757, -728, 704 
715, -757, -728, 704 
715, -757, -728, 704 
71567 
783, -823, -798, 767 
783, -823, -798, 767 
783, -823, -798, 767 
783, -823, -798, 767 
783, -823, -798, 767 
783, -823, -798, 767 
783, -823, -798, 767 
783, -823, -798, 767 
783, -823, -798, 767 
783, -823, -798, 767 
783, -823, -798, 767 
783, -823, -798, 767 
783, -823, -798, 833 
783, -823, -798, 833 
783, -823, -798, 833 
783, -823, -798, 833 
783, -823, -798, 833 
862, -823, -873, 833 
862, -823, -873, 833 
862, -823, -873, 833 
862, -823, -873, 833 
862, -823, -873, 833 
862, -823, -873, 833 
862, -823, -873, 833 
862, -823, -873, 833 
862, -823, -873, 833 
862, -823, -873, 833 
862, -823, -873, 833 
862, -823, -873, 833 
862, -823, -873, 833 
862, -823, -873, 833 
862, -907, -873, 833 
862, -907, -873, 833 
862, -907, -873, 833 
862, -907, -873, 833 
862, -907, -873, 833 
862, -907, -873, 833 
862, -907, -873, 833 
862, -907, -873, 833 
862, -907, -873, 833 
862, -907, -873, 833 
862, -907, -873, 833 
862, -907, -873, 833 
862, -907, -873, 833 
862, -907, -873, 833 
862, -907, -873, 833 
862, -907, -873, 833 
862, -907, -873, 833 
862, -907, -873, 833 
862, -907, -873, 833 
862, -907, -873, 833 
862, -907, -873, 833 
862, -907, -873, 833 
862, -907, -873, 833 
862, -907, -873, 833 
862, -907, -873, 833 
862, -907, -873, 912 
862, -907, -873, 912 
862, -907, -873, 912 
862, -907, -873, 912 
862, -907, -873, 912 
862, -907, -873, 912 
862, -907, -873, 912 
862, -907, -873, 912 
862, -907, -873, 912 
862, -907, -873, 912 
862, -907, -873, 912 
862, -907, -873, 912 
862, -907, -873, 912 
862, -907, -873, 912 
862, -907, -873, 912 
862, -907, -873, 912 
862, -907, -873, 912 
862, -907, -873, 912 
935, -907, -950, 912 
935, -907, -950, 912 
935, -907, -950, 912 
935, -907, -950, 912 
935, -907, -950, 912 
935, -907, -950, 912 
935, -907, -950, 912 
935, -907, -950, 912 
935, -907, -950, 912 
935, -972, -950, 912 
935, -972, -950, 912 
935, -972, -950, 912 
935, -972, -950, 912 
935, -972, -950, 912 
935, -972, -950, 912 
935, -972, -950, 912 
935, -972, -950, 912 
935, -972, -950, 912 
935, -972, -950, 912 
935, -972, -950, 912 
935, -972, -950, 912 
935, -972, -950, 912 
935, -972, -950, 912 
935, -972, -950, 912 
935, -972, -950, 912 
935, -972, -950, 912 
935, -972, -950, 912 
935, -972, -950, 912 
935, -972, -950, 912 
935, -972, -950, 912 
935, -972, -950, 912 
935, -972, -950, 912 
935, -972, -950, 912 
935, -972, -950, 912 
935, -972, -950, 975 
935, -972, -950, 975 
935, -972, -950, 975 
935, -972, -950, 975 
935, -972, -950, 975 
935, -972, -950, 975 
935, -972, -950, 975 
935, -972, -950, 975 
935, -972, -950, 975 
935, -972, -950, 975 
935, -972, -950, 975 
935, -972, -950, 975 
935, -972, -950, 975 
935, -972, -950, 975 
935, -972, -950, 975 
935, -972, -950, 975 
935, -972, -950, 975 
935, -972, -950, 975 
935, -972, -950, 975 
935, -972, -950, 975 
935, -972, -950, 975 
935, -972, -950, 975 
935, -972, -950, 975 
1013, -972, -1024, 975 
1013, -972, -1024, 975 
1013, -972, -1024, 975 
1013, -972, -1024, 975 
1013, -972, -1024, 975 
1013, -972, -1024, 975 
1013, -972, -1024, 975 
1013, -972, -1024, 975 
1013, -972, -1024, 975 
1013, -972, -1024, 975 
1013, -972, -1024, 975 
1013, -1048, -1024, 975 
1013, -1048, -1024, 975 
1013, -1048, -1024, 975 
1013, -1048, -1024, 975 
1013, -1048, -1024, 975 
1013, -1048, -1024, 975 
1013, -1048, -1024, 975 
1013, -1048, -1024, 975 
1013, -1048, -1024, 975 
1013, -1048, -1024, 975 
1013, -1048, -1024, 975 
1013, -1048, -1024, 975 
1013, -1048, -1024, 975 
1013, -1048, -1024, 975 
1013, -1048, -1024, 975 
1013, -1048, -1024, 975 
1013, -1048, -1024, 975 
1013, -1048, -1024, 975 
1013, -1048, -1024, 975 
1013, -1048, -1024, 975 
1013, -1048, -1024, 975 
1013, -1048, -1024, 975 
1013, -1048, -1024, 975 
1013, -1048, -1024, 1053 
1013, -1048, -1024, 1053 
1013, -1048, -1024, 1053 
1013, -1048, -1024, 1053 
1013, -1048, -1024, 1053 
1013, -1048, -1024, 1053 
1013, -1048, -1024, 1053 
1013, -1048, -1024, 1053 
1013, -1048, -1024, 1053 
1013, -1048, -1024, 1053 
1013, -1048, -1024, 1053 
1013, -1048, -1024, 1053 
1013, -1048, -1024, 1053 
1013, -1048, -1024, 1053 
1013, -1048, -1024, 1053 
1013, -1048, -1024, 1053 
1085, -1048, -1096, 1053 
1085, -1048, -1096, 1053 
1085, -1048, -1096, 1053 
1085, -1048, -1096, 1053 
1085, -1048, -1096, 1053 
1085, -1048, -1096, 1053 
1085, -1048, -1096, 1053 
1085, -1048, -1096, 1053 
*************************
0, 0, 0, 0 
0, 0, 0, 0 
0, 0, 0, 0 
0, 0, 0, 0 
0, 0, 0, 0 
0, 0, 0, 0 
0, 0, 0, 0 
0, 0, 0, 0 
0, 0, 0, 0 
0, 0, 0, 0 
0, 0, 0, 0 
0, 0, 0, 0 
0, 0, 0, 0 
0, 0, 0, 0 
0, 0, 0, 0 
0, 0, 0, 0 
0, 0, 0, 0 
0, 0, 0, 0 
0, 0, 0, 0 
0, 0, 0, 0 
0, 0, 0, 0 
0, 0, 0, 0 
0, 0, 0, 0 
0, 0, 0, 0 
0, 0, 0, 0 
0, 0, 0, 0 
0, 0, 0, 0 
0, 0, 0, 0 
0, 0, 0, 0 
0, 0, 0, 0 
0, 0, 0, 0 
0, 0, 0 -21, -4, 6 
39, -21, -4, 6 
39, -21, -4, 6 
39, -21, -4, 6 
39, -21, -4, 6 
39, -21, -4, 6 
39, -21, -4, 6 
39, -21, -4, 6 
39, -21, -4, 6 
39, -21, -4, 6 
39, -21, -4, 6 
39, -21, -4, 54 
39, -21, -4, 54 
39, -21, -4, 54 
39, -21, -4, 54 
39, -21, -4, 54 
39, -21, -4, 54 
39, -21, -4, 54 
39, -21, -4, 54 
39, -21, -4, 54 
39, -21, -4, 54 
39, -21-109, -114, 148 
153, -109, -114, 148 
153, -109, -114, 148 
153, -109, -114, 148 
153, -109, -114, 148 
153, -109, -114, 148 
153, -109, -114, 148 
153, -109, -114, 148 
153, -162, -114, 148 
153, -162, -114, 148 
153, -162, -114, 148 
153, -162, -114, 148 
153, -162, -114, 148 
153, -162, -114, 148 
153, -162, -114, 148 
153, -162, -114, 148 
153-224, -233, 264 
281, -224, -233, 264 
281, -224, -233, 264 
281, -224, -233, 264 
281, -224, -233, 264 
281, -224, -233, 264 
281, -224, -233, 264 
281, -224, -233, 264 
281, -224, -233, 264 
281, -297, -233, 264 
281, -297, -233, 264 
281, -297, -233, 264 
281, -297, -233, 264 
281, -297, -233, 264 
281, -297, -233, 264 
281, -297, -233, 264 
281-361, -294, 387 
338, -361, -294, 387 
338, -361, -294, 387 
338, -361, -294, 387 
338, -361, -294, 387 
407, -361, -365, 387 
407, -361, -365, 387 
407, -361, -365, 387 
407, -361, -365, 387 
407, -361, -365, 387 
407, -361, -365, 387 
407, -361, -365, 387 
407, -361, -365, 387 
407, -361, -365, 387 
407, -361, -365, 387 
407, -361, -365, 387 
407-430, -433, 456 
476, -430, -433, 456 
476, -430, -433, 456 
476, -496, -433, 456 
476, -496, -433, 456 
476, -496, -433, 456 
476, -496, -433, 456 
476, -496, -433, 456 
476, -496, -433, 456 
476, -496, -433, 456 
476, -496, -433, 456 
476, -496, -433, 456 
476, -496, -433, 456 
476, -496, -433, 456 
476, -496, -1217, -1142, 1220 
1197, -1217, -1142, 1220 
1197, -1 -1362, -1284, 1295 
1344, -1362, -1284, 1295 
1344, -1362, -1284, 1295 
1344, -1362, -1284, 1295 
1344, -1362, -1284, 1295 
1344, -1362, -1284, 1295 
1344, -1362, -1284, 1295 
1344, -1362, -1284, 1295 
1344, -1362, -1284, 1295 
1344, -1362, -1284, 1295 
1344, -1362, -1284, 1295 
1344, -1362, -1284, 1295 
1344, -1362, -1284, 1295 
1344, -1362, -128 -1447, -1464, 1468 
1526, -1447, -1464, 1468 
1526, -1447, -1464, 1468 
1526, -1541, -1464, 1468 
1526, -1541, -1464, 1468 
1526, -1541, -1464, 1468 
1526, -1541, -1464, 1468 
1526, -1541, -1464, 1468 
1526, -1541, -1464, 1468 
1526, -1541, -1464, 1468 
1526, -1541, -1464, 1468 
1526, -1541, -1464, 1468 
1526, -1541, -1464, 1468 
1526, -1541, -146 -1622, -1553, 1548 
1613, -1622, -1553, 1548 
1613, -1622, -1553, 1548 
1613, -1622, -1553, 1548 
1613, -1622, -1553, 1548 
1613, -1622, -1553, 1548 
1613, -1622, -1553, 1548 
1613, -1622, -1553, 1548 
1613, -1622, -1553, 1548 
1613, -1622, -1553, 1548 
1613, -1622, -1553, 1548 
1613, -1622, -1553, 1548 
1613, -1622, -1553, 1548 
1613, -1622, -155 -1701, -1627, 1635 
1690, -1701, -1627, 1635 
1690, -1701, -1627, 1635 
1690, -1701, -1627, 1717 
1690, -1701, -1627, 1717 
1690, -1701, -1627, 1717 
1690, -1701, -1627, 1717 
1690, -1701, -1627, 1717 
1690, -1701, -1627, 1717 
1690, -1701, -1627, 1717 
1690, -1701, -1627, 1717 
1690, -1701, -1627, 1717 
1690, -1701, -1627, 1717 
1690, -1701, -162 -1780, -1709, 1797 
1773, -1780, -1709, 1797 
1773, -1780, -1709, 1797 
1773, -1780, -1709, 1797 
1773, -1780, -1709, 1797 
1773, -1780, -1709, 1797 
1773, -1780, -1709, 1797 
1855, -1780, -1791, 1797 
1855, -1780, -1791, 1797 
1855, -1780, -1791, 1797 
1855, -1780, -1791, 1797 
1855, -1780, -1791, 1797 
1855, -1780, -1791, 1797 
1855, -1780, -179 -1949, -1871, 1880 
1937, -1949, -1871, 1880 
1937, -1949, -1871, 1880 
1937, -1949, -1871, 1880 
1937, -1949, -1871, 1880 
1937, -1949, -1871, 1880 
1937, -1949, -1871, 1880 
1937, -1949, -1871, 1970 
1937, -1949, -1871, 1970 
1937, -1949, -1871, 1970 
1937, -1949, -1871, 1970 
1937, -1949, -1871, 1970 
1937, -1949, -1871, 1970 
1937, -1949, -187 -2109, -2111, 2118 
2181, -2109, -2111, 2118 
2181, -2184, -2111, 2118 
2181, -2184, -2111, 2118 
2181, -2184, -2111, 2118 
2181, -2184, -2111, 2118 
2181, -2184, -2111, 2118 
2181, -2184, -2111, 2118 
2181, -2184, -2111, 2118 
2181, -2184, -2111, 2118 
2181, -2184, -2111, 2118 
2181, -2184, -2111, 2118 
2181, -2184, -2111, 2118 
2181, -2184, -211 -2258, -2188, 2191 
2255, -2258, -2188, 2191 
2255, -2258, -2188, 2191 
2255, -2258, -2188, 2269 
2255, -2258, -2188, 2269 
2255, -2258, -2188, 2269 
2255, -2258, -2188, 2269 
2255, -2258, -2188, 2269 
2255, -2258, -2188, 2269 
2255, -2258, -2188, 2269 
2255, -2258, -2188, 2269 
2255, -2258, -2188, 2269 
2255, -2258, -2188, 2269 
2255, -2258, -218 -2437, -2365, 2365 
2435, -2437, -2365, 2365 
2435, -2437, -2365, 2365 
2435, -2437, -2365, 2365 
2435, -2437, -2365, 2365 
2435, -2437, -2365, 2365 
2435, -2437, -2365, 2365 
2435, -2437, -2365, 2365 
2435, -2437, -2365, 2365 
2435, -2437, -2365, 2365 
2435, -2437, -2365, 2365 
2435, -2437, -2365, 2365 
2435, -2437, -2365, 2365 
2435, -2437, -236 -2585, -2516, 2595 
2585, -2585, -2516, 2595 
2585, -2585, -2516, 2595 
2585, -2585, -2516, 2595 
2585, -2585, -2516, 2595 
2585, -2585, -2516, 2595 
2660, -2585, -2587, 2595 
2660, -2585, -2587, 2595 
2660, -2585, -2587, 2595 
2660, -2585, -2587, 2595 
2660, -2585, -2587, 2595 
2660, -2585, -2587, 2595 
2660, -2585, -2587, 2595 
2660, -2585, -258 -2662, -2587, 2674 
2660, -2662, -2587, 2674 
2660, -2662, -2587, 2674 
2746, -2662, -2676, 2674 
2746, -2662, -2676, 2674 
2746, -2662, -2676, 2674 
2746, -2662, -2676, 2674 
2746, -2662, -2676, 2674 
2746, -2662, -2676, 2674 
2746, -2662, -2676, 2674 
2746, -2662, -2676, 2674 
2746, -2744, -2676, 2674 
2746, -2744, -2676, 2674 
2746, -2744, -2676, 2760 
2827, -2744, -2756, 2760 
2827, -2744, -2756, 2760 
2827, -2744, -2756, 2760 
2827, -8, -294, -189 
-164, -268, -294, -189 
-164, -268, -2947, -428, -315 
-301, -327, -428, -315 
-301, -327, -428, -315 
-301, -327, -428, -315 
-301, -327, -428, -315 
-301, -327, -428, -315 
-301, -399, -428, -315 
-301, -399, -428, -315 
-301, -399, -428, -315 
-301, -399, -428, -315 
-301, -399, -428, -315 
-301, -399, -428, -315 
-301, -399, -428, -315 
-301, -399, -428, -315 
-301, -399, -428, -315 0, -500, -457 
-373, -470, -500, -457 
-373, -470, -500, -457 
-463, -470, -584, -457 
-463, -470, -584, -457 
-463, -470, -584, -457 
-463, -470, -584, -457 
-463, -470, -584, -457 
-463, -470, -584, -457 
-463, -470, -584, -457 
-463, -470, -584, -457 
-463, -470, -584, -457 
-463, -470, -584, -457 
-463, -470, -584, -457 
-463, -470, -584, -457 3, -666, -545 
-543, -633, -666, -612 
-543, -633, -666, -612 
-543, -633, -666, -612 
-543, -633, -666, -612 
-543, -633, -666, -612 
-543, -633, -666, -612 
-543, -633, -666, -612 
-543, -633, -666, -612 
-543, -633, -666, -612 
-543, -633, -666, -612 
-543, -633, -666, -612 
-543, -633, -666, -612 
-543, -633, -666, -612 
-543, -633, -666, -612 1, -736, -680 
-613, -701, -736, -680 
-685, -701, -807, -680 
-685, -701, -807, -680 
-685, -701, -807, -680 
-685, -701, -807, -680 
-685, -701, -807, -680 
-685, -701, -807, -680 
-685, -701, -807, -680 
-685, -701, -807, -680 
-685, -772, -807, -680 
-685, -772, -807, -680 
-685, -772, -807, -680 
-685, -772, -807, -680 
-685, -772, -807, -680 2, -814 
-757, -838, -872, -814 
-757, -838, -872, -814 
-757, -838, -872, -814 
-757, -838, -872, -814 
-757, -838, -872, -814 
-757, -838, -872, -814 
-757, -838, -872, -814 
-757, -838, -872, -814 
-757, -838, -872, -814 
-757, -838, -872, -814 
-757, -838, -872, -814 
-757, -838, -872, -814 
-757, -838, -872, -814 
-757, -838, -872, -814 
-757,2, -913, -945, -898 
-832, -913, -945, -898 
-832, -913, -945, -898 
-832, -913, -945, -898 
-832, -913, -945, -898 
-832, -913, -945, -898 
-832, -913, -945, -898 
-832, -913, -945, -898 
-832, -913, -945, -898 
-911, -913, -1022, -898 
-911, -913, -1022, -898 
-911, -913, -1022, -898 
-911, -913, -1022, -898 
-911, -913, -1022, -898 
-911, -913, -1022, -898 
-911, -913, -1022, -898 
-911, -913, -1022, -898 
-911, -913, -1022, -898 
-911, -913, -1022, -898 
-911, -913, -1022, -898 
-911, -993, -1022, -898 
-911, -993, -1022, -898 
-911, -993, -1022, -898 
-911, -993, -1022, -898 
-911, -993, -1022, -898 
-911, -993, -1022, -898 
-911, -993, -1022, -898 
-911, -993, -1022, -898 
-911, -993, -1022, -898 
-911, -993, -1022, -898 
-911, -993, -1022, -898 
-911, -993, -1022, -898 
-911, -993, -1022, -898 
-911, -993, -1022, -898 
-911, -993, -1022, -898 
-911, -993, -1022, -898 
-911, -993, -1022, -898 
-911, -993, -1022, -898 
-911, -993, -1022, -898 
-911, -993, -1022, -898 
-911, -993, -1022, -898 
-911, -993, -1022, -898 
-911, -993, -1022, -898 
-911, -993, -1022, -898 
-911, -993, -1022, -898 
-911, -993, -1022, -898 
-911, -993, -1022, -898 
-911, -993, -1022, -959 
-911, -993, -1022, -959 
-911, -993, -1022, -959 
-911, -993, -1022, -959 
-911, -993, -1022, -959 
-911, -993, -1022, -959 
-911, -993, -1022, -959 
-911, -993, -1022, -959 
-911, -993, -1022, -959 
-911, -993, -1022, -959 
-911, -993, -1022, -959 
-911, -993, -1022, -959 
-911, -993, -1022, -959 
-911, -993, -1022, -959 
-980, -993, -1089, -959 
-980, -993, -1089, -959 
-980, -993, -1089, -959 
-980, -993, -1089, -959 
-980, -993, -1089, -959 
-980, -993, -1089, -959 
-980, -993, -1089, -959 
-980, -993, -1089, -959 
-980, -993, -1089, -959 
-980, -993, -1089, -959 
-980, -1060, -1089, -959 
-980, -1060, -1089, -959 
-980, -1060, -1089, -959 
-980, -1060, -1089, -959 
-980, -1060, -1089, -959 
-980, -1060, -1089, -959 
-980, -1060, -1089, -959 
-980, -1060, -1089, -959 
-980, -1060, -1089, -959 
-980, -1060, -1089, -959 
-980, -1060, -1089, -959 
-980, -1060, -1089, -959 
-980, -1060, -1089, -959 
-980, -1060, -1089, -959 
-980, -1060, -1089, -959 
-980, -1060, -1089, -959 
-980, -1060, -1089, -959 
-980, -1060, -1089, -959 
-980, -1060, -1089, -959 
-980, -1060, -1089, -959 
-980, -1060, -1089, -959 
-980, -1060, -1089, -959 
-980, -1060, -1089, -959 
-980, -1060, -1089, -1020 
-980, -1060, -1089, -1020 
-980, -1060, -1089, -1020 
-980, -1060, -1089, -1020 
-980, -1060, -1089, -1020 
-980, -1060, -1089, -1020 
-980, -1060, -1089, -1020 
-980, -1060, -1089, -1020 
-980, -1060, -1089, -1020 
-980, -1060, -1089, -1020 
-980, -1060, -1089, -1020 
-980, -1060, -1089, -1020 
-980, -1060, -1089, -1020 
-980, -1060, -1089, -1020 
-1039, -1060, -1150, -1020 
-1039, -1060, -1150, -1020 
-1039, -1060, -1150, -1020 
-1039, -1060, -1150, -1020 
-1039, -1060, -1150, -1020 
-1039, -1060, -1150, -1020 
-1039, -1060, -1150, -1020 
-1039, -1060, -1150, -1020 
-1039, -1117, -1150, -1020 
-1039, -1117, -1150, -1020 
-1039, -1117, -1150, -1020 
-1039, -1117, -1150, -1020 
-1039, -1117, -1150, -1020 
-1039, -1117, -1150, -1020 
-1039, -1117, -1150, -1020 
-1039, -1117, -1150, -1020 
-1039, -1117, -1150, -1020 
-1039, -1117, -1150, -1020 
-1039, -1117, -1150, -1020 
-1039, -1117, -1150, -1020 
-1039, -1117, -1150, -1020 
-1039, -1117, -1150, -1020 
-1039, -1117, -1150, -1020 
-1039, -1117, -1150, -1020 
-1039, -1117, -1150, -1020 
-1039, -1117, -1150, -1020 
-1039, -1117, -1150, -1020 
-1039, -1117, -1150, -1020 
-1039, -1117, -1150, -1020 
-1039, -1117, -1150, -1020 
-1039, -1117, -1150, -1078 
-1039, -1117, -1150, -1078 
-1039, -1117, -1150, -1078 
-1039, -1117, -1150, -1078 
-1039, -1117, -1150, -1078 
-1039, -1117, -1150, -1078 
-1039, -1117, -1150, -1078 
-1039, -1117, -1150, -1078 
-1039, -1117, -1150, -1078 
-1039, -1117, -1150, -1078 
-1039, -1117, -1150, -1078 
-1039, -1117, -1150, -1078 
-1039, -1117, -1150, -1078 
-1039, -1117, -1150, -1078 
-1039, -1117, -1150, -1078 
79 
-83, -144, -164, -179 
-83, -144, -164, -179 
-83, 9, -311, -311 
-219, -219, -311, -311 
-219, -219, -311, -311 
-219, -219, -311, -311 
-219, -219, -311, -311 
-219, -219, -311, -311 
-219, -219, -311, -311 
-219, -219, -311, -311 
-219, -219, -311, -311 
-219, -288, -311, -311 
-219, -288, -311, -311 
-219, -288, -311, -311 
-219, -288, -311, -311 
-219, -288, -311, -311 
-219, -288, -311, -311 2, -476, -465 
-387, -452, -476, -465 
-387, -452, -476, -465 
-387, -452, -476, -465 
-387, -452, -476, -465 
-387, -452, -476, -465 
-387, -452, -476, -465 
-387, -452, -476, -465 
-387, -452, -476, -465 
-387, -452, -476, -465 
-387, -452, -476, -465 
-387, -452, -476, -465 
-387, -452, -476, -465 
-387, -452, -476, -465 
-387, -452, -476, -465 67, -729, -751, -734 
-667, -729, -751, -734 
-667, -729, -751, -734 
-667, -729, -751, -734 
-667, -729, -751, -734 
-667, -729, -751, -734 
-667, -729, -751, -734 
-667, -729, -751, -734 
-667, -729, -751, -734 
-667, -729, -751, -734 
-667, -729, -751, -734 
-667, -729, -751, -734 
-667, -729, -751, -734 
-667, -729, -751, -734 
-667, -729, -7510 
-756, -817, -838, -920 
-756, -817, -838, -920 
-756, -817, -838, -920 
-756, -817, -838, -920 
-756, -817, -838, -920 
-756, -817, -838, -920 
-756, -817, -838, -920 
-756, -817, -838, -920 
-756, -817, -838, -920 
-756, -817, -838, -920 
-855, -817, -938, -920 
-855, -817, -938, -920 
-855, -817, -938, -920 
-855, -817, -938, -920 
-855, -817,, -919, -1027, -1006 
-944, -919, -1027, -1006 
-944, -919, -1027, -1006 
-944, -919, -1027, -1006 
-944, -919, -1027, -1006 
-944, -919, -1027, -1006 
-944, -919, -1027, -1006 
-944, -919, -1027, -1006 
-944, -919, -1027, -1006 
-944, -1006, -1027, -1006 
-944, -1006, -1027, -1006 
-944, -1006, -1027, -1006 
-944, -1006, -1027, -1006 
-944, -1006,, -1094, -1112, -1094 
-1033, -1094, -1112, -1094 
-1033, -1094, -1112, -1094 
-1033, -1094, -1112, -1094 
-1033, -1094, -1112, -1094 
-1033, -1094, -1112, -1094 
-1033, -1094, -1112, -1094 
-1033, -1094, -1112, -1094 
-1033, -1094, -1112, -1094 
-1033, -1094, -1112, -1094 
-1033, -1094, -1112, -1094 
-1033, -1094, -1112, -1094 
-1033, -1094, -1112, -1194, -1205, -1276 
-1127, -1194, -1205, -1276 
-1127, -1194, -1205, -1276 
-1127, -1194, -1205, -1276 
-1127, -1194, -1205, -1276 
-1218, -1194, -1297, -1276 
-1218, -1194, -1297, -1276 
-1218, -1194, -1297, -1276 
-1218, -1194, -1297, -1276 
-1218, -1194, -1297, -1276 
-1218, -1194, -1297, -1276 
-1218, -1194, -1297, -1276 
-1218, -1194, -1297, -1276, -1384, -1356 
-1312, -1276, -1384, -1356 
-1312, -1276, -1384, -1356 
-1312, -1276, -1384, -1356 
-1312, -1276, -1384, -1356 
-1312, -1276, -1384, -1356 
-1312, -1367, -1384, -1356 
-1312, -1367, -1384, -1356 
-1312, -1367, -1384, -1356 
-1312, -1367, -1384, -1356 
-1312, -1367, -1384, -1356 
-1312, -1367, -1384, -1356 
-1312, -1367, -1384, -1528, -1548, -1528 
-1478, -1528, -1548, -1528 
-1478, -1528, -1548, -1528 
-1478, -1528, -1548, -1528 
-1478, -1528, -1548, -1607 
-1478, -1528, -1548, -1607 
-1478, -1528, -1548, -1607 
-1478, -1528, -1548, -1607 
-1478, -1528, -1548, -1607 
-1478, -1528, -1548, -1607 
-1478, -1528, -1548, -1607 
-1478, -1528, -1548, -1607 
-1478, -1528, -1548, -1710, -1803, -1785 
-1740, -1710, -1803, -1785 
-1740, -1710, -1803, -1785 
-1740, -1710, -1803, -1785 
-1740, -1786, -1803, -1785 
-1740, -1786, -1803, -1785 
-1740, -1786, -1803, -1785 
-1740, -1786, -1803, -1785 
-1740, -1786, -1803, -1785 
-1740, -1786, -1803, -1785 
-1740, -1786, -1803, -1785 
-1740, -1786, -1803, -1785 
-1740, -1786, -1803, -1958, -1967, -1950 
-1905, -1958, -1967, -1950 
-1905, -1958, -1967, -1950 
-1905, -1958, -1967, -1950 
-1905, -1958, -1967, -1950 
-1905, -1958, -1967, -1950 
-1905, -1958, -1967, -1950 
-1905, -1958, -1967, -2032 
-1905, -1958, -1967, -2032 
-1905, -1958, -1967, -2032 
-1905, -1958, -1967, -2032 
-1905, -1958, -1967, -2032 
-1905, -1958, -1967, -2135, -2140, -2204 
-2077, -2135, -2140, -2204 
-2077, -2135, -2140, -2204 
-2077, -2135, -, -2853, -2857, -2915 
-2811, -2853, -2857, -2915 
-281, -3024, -3017, -2992 
-2970, -3024, -3017, -2992 
-2970, -3024, -3017, -2992 
-2970, -3024, -3017, -2992 
-2970, -3024, -3017, -2992 
-2970, -3024, -3017, -2992 
-2970, -3024, -3017, -2992 
-2970, -3024, -3017, -2992 
-2970, -3024, -3017, -2992 
-2970, -3024, -3017, -3087 
-2970, -3024, -3017, -3087 
-2970, -3024, -3017, -3087 
-2970, -3024, -3017, -3187, -3186, -3245 
-3140, -3187, -3186, -3245 
-3140, -3187, -3186, -3245 
-3140, -3187, -3186, -3245 
-3140, -3187, -3186, -3245 
-3140, -3187, -3186, -3245 
-3140, -3187, -3186, -3245 
-3214, -3187, -3259, -3245 
-3214, -3187, -3259, -3245 
-3214, -3187, -3259, -3245 
-3214, -3187, -3259, -3245 
-3214, -3187, -3259, -3245 
-3214, -3187, -3259, -3409, -3406, -3393 
-3368, -3409, -3406, -3393 
-3368, -3409, -3406, -3483 
-3368, -3409, -3406, -3483 
-3368, -3409, -3406, -3483 
-3368, -3409, -3406, -3483 
-3368, -3409, -3406, -3483 
-3368, -3409, -3406, -3483 
-3368, -3409, -3406, -3483 
-3368, -3409, -3406, -3483 
-3368, -3409, -3406, -3483 
-3368, -3409, -3406, -3483 
-3368, -3409, -3406, -3483 
-3368, -3409, -3406, -3483 
-3368, -3409, -3406, -3483 
-3459, -3409, -3501, -3483 
-3459, -3409, -3501, -3483 
-3459, -3409, -3501, -3483 
-3459, -3409, -3501, -3483 
-3459, -3409, -3501, -3483 
-3459, -3409, -3501, -3483 
-3459, -3409, -3501, -3483 
-3459, -3409, -3501, -3483 
-3459, -3409, -3501, -3483 
-3459, -3504, -3501, -3483 
-34594, -3501, -3483 
-3459, -3504, -3501, -3483 
-3459, -3504, -3501, -3483 
-3459, -3504, -3501, -3483 
-3459, -3504, -3501, -3483 
-3459, -3504, -3501, -3483 
-3459, -3504, -3501, -3483 
-3459, -3504, -3501, -3483 
-3459, -3504, -3501, -3483 
-3459, -3504, -3501, -3483 
-3459, -3504, -3501, -3483 
-3459, -3504, -3501, -3483 
-3459, -3504, -3501, -34836, -3578, -3573, -3642 
-3536, -3578, -3573, -3642 
-3624, -3578, -3655, -3642 
-3624, -3578, -3655, -3642 
-3624, -3578, -3655, -3642 
-3624, -3578, -3655, -3642 
-3624, -3578, -3655, -3642 
-3624, -3578, -3655, -3642 
-3624, -3578, -3655, -3642 
-3624, -3578, -3655, -3642 
-3624, -3578, -3655, -3642 
-3624, -3662, -3655, -3642 
-3624, -3662, -3611, -73, -12, -39 
-11, -73, -12, -39 
-11, -73, -12, -39 
-11, -73, -12, -39 
-11, -73, -12, -39 
-11, -73, -12, -39 
-11, -73, -12, -39 
-11, -73, -12, -39 
-11, -73, -12, -39 
-11, -73, -12, -39 
-11, -73, -12, -39 
-11, -73, -12, -39 
-11, -73, -12, -39 
-11, -73, -12, -39 
-11, -73, -12, -39 
-11, -73, -12, -39 
-11, -73, -12, -39 
-11, -73, -, -75, -34, -57 
-12, -75, -34, -57 
-12, -75, -34, -57 
-12, -75, -34, -57 
-12, -75, -34, -57 
-12, -75, -34, -57 
-12, -75, -34, -57 
-12, -75, -34, -57 
-12, -75, -34, -57 
-12, -75, -34, -57 
-12, -75, -34, -57 
-12, -75, -34, -57 
-11, -75, -48, -57 
-11, -75, -48, -57 
-11, -75, -48, -57 
-11, -75, -48, -57 
-11, -75, -48, -57 
-11, -75, -483, -48, -49 
-11, -63, -48, -49 
-11, -63, -48, -49 
-11, -63, -48, -49 
-11, -63, -37, -49 
30, -63, -37, -49 
30, -63, -37, -49 
30, -63, -37, -49 
30, -63, -37, -49 
30, -63, -37, -49 
30, -63, -37, -49 
30, -63, -37, -49 
30, -63, -37, -49 
30, -63, -37, -49 
30, -63, -37, -49 
30, -12, -37, -49 
30, -12, -37, -49 
30, -12, -37, -49 
30, -12, -17 
125, 86, 42, 17 
125, 86, 42, 17 
125, 86, 42, 17 
125, 86, 42, 17 
125, 86, 42, 17 
125, 86, 42, 17 
125, 86, 42, 17 
125, 86, 42, 75 
125, 86, 42, 75 
125, 86, 42, 75 
125, 86, 42, 75 
125, 86, 42, 75 
125, 86, 42, 75 
125, 86, 42, 75 
125, 86, 42, 75 
125, 86, 42, 75 
125, 86, 42, 75 
125, 86, 42, 75 
125, 86, 42, 75 
125, 86, 42, 75 
125, 883, 242, 196, 156 
283, 242, 196, 156 
283, 242, 196, 156 
283, 242, 196, 156 
283, 242, 196, 156 
283, 242, 196, 251 
283, 242, 196, 251 
283, 242, 196, 251 
283, 242, 196, 251 
283, 242, 196, 251 
283, 242, 196, 251 
283, 242, 196, 251 
283, 242, 196, 251 
283, 242, 196, 251 
283, 242, 196, 251 
283, 242, 196, 251 
283, 242, 196, 251 
283, 242, 128, 407, 441, 414 
528, 487, 441, 414 
528, 487, 441, 414 
528, 487, 441, 414 
528, 487, 441, 8, 1169, 1159 
1252, 1218, 1169, 1249 
1252, 1218, 11694, 1340, 1409 
1420, 1384, 1340, 1409 
1420, 1384, 1340, 1409 
1420, 1384, 1340, 1409 
1420, 1384, 1340, 1409 
1420, 1384, 1340, 1409 
1496, 1384, 1416, 1409 
1496, 1384, 1416, 1409 
1496, 1384, 1416, 1409 
1496, 1384, 1416, 1409 
1496, 1384, 1416, 1409 
1496, 1384, 1416, 1409 
1496, 1384, 1416, 1409 
1496, 1384, 1416, 1409 
1496, 1384, 1416, 1409 3, 1594, 1575 
1673, 1543, 1594, 1575 
1673, 1543, 1594, 1575 
1673, 1638, 1594, 1575 
1673, 1638, 1594, 1575 
1673, 1638, 1594, 1575 
1673, 1638, 1594, 1575 
1673, 1638, 1594, 1575 
1673, 1638, 1594, 1575 
1673, 1638, 1594, 1575 
1673, 1638, 1594, 1575 
1673, 1638, 1594, 1575 
1673, 1638, 1594, 1575 
1673, 1638, 1594, 1575 
1673, 1638, 1594, 1575 6, 1840, 1834 
1913, 1886, 1840, 1834 
1913, 1886, 1840, 1911 
1913, 1886, 1840, 1911 
1913, 1886, 1840, 1911 
1913, 1886, 1840, 1911 
1913, 1886, 1840, 1911 
1913, 1886, 1840, 1911 
1913, 1886, 1840, 1911 
1913, 1886, 1840, 1911 
1913, 1886, 1840, 1911 
1913, 1886, 1840, 1911 
1913, 1886, 1840, 1911 
1913, 1886, 1840, 1911 
1913, 1886, 1840, 1911 9, 2086, 2088 
2154, 2049, 2086, 2088 
2154, 2049, 2086, 2088 
2154, 2049, 2086, 2088 
2154, 2049, 2086, 2088 
2154, 2129, 2086, 2088 
2154, 2129, 2086, 2088 
2154, 2129, 2086, 2088 
2154, 2129, 2086, 2088 
2154, 2129, 2086, 2088 
2154, 2129, 2086, 2088 
2154, 2129, 2086, 2088 
2154, 2129, 2086, 2088 
2154, 2129, 2086, 2088 
2154, 2129, 2086, 2088 9, 2235, 2239 
2302, 2279, 2235, 2239 
2302, 2279, 2235, 2239 
2302, 2279, 2235, 2239 
2302, 2279, 2235, 2239 
2302, 2279, 2235, 2239 
2302, 2279, 2235, 2239 
2302, 2279, 2235, 2239 
2302, 2279, 2235, 2239 
2302, 2279, 2235, 2239 
2302, 2279, 2235, 2239 
2302, 2279, 2235, 2239 
2302, 2279, 2235, 2239 
2302, 2279, 2235, 2239 
2302, 2279, 2235, 2239 8, 2307, 2384 
2377, 2348, 2307, 2384 
2377, 2348, 2307, 2384 
2377, 2348, 2307, 2384 
2377, 2348, 2307, 2384 
2377, 2348, 2307, 2384 
2377, 2348, 2307, 2384 
2377, 2348, 2307, 2384 
2452, 2348, 2385, 2384 
2452, 2348, 2385, 2384 
2452, 2348, 2385, 2384 
2452, 2348, 2385, 2384 
2452, 2348, 2385, 2384 
2452, 2348, 2385, 2384 
2452, 2348, 2385, 2384 4, 2385, 2465 
2452, 2424, 2385, 2465 
2452, 2424, 2385, 2465 
2452, 2424, 2385, 2465 
2452, 2424, 2385, 2465 
2452, 2424, 2385, 2465 
2452, 2424, 2385, 2465 
2452, 2424, 2385, 2465 
2452, 2424, 2385, 2465 
2452, 2424, 2385, 2465 
2452, 2424, 2385, 2465 
2452, 2424, 2385, 2465 
2452, 2424, 2385, 2465 
2452, 2424, 2385, 2465 
2452, 2424, 2385, 2465 6, 2487, 2565 
2552, 2526, 2487, 2565 
2552, 2526, 2487, 2565 
2552, 2526, 2487, 2565 
2552, 2526, 2487, 2565 
2552, 2526, 2487, 2565 
2552, 2526, 2487, 2565 
2552, 2526, 2487, 2565 
2552, 2526, 2487, 2565 
2552, 2526, 2487, 2565 
2552, 2526, 2487, 2565 
2641, 2526, 2570, 2565 
2641, 2526, 2570, 2565 
2641, 2526, 2570, 2565 
2641, 2526, 2570, 2565 6, 2639, 2643 
2710, 2676, 2639, 2719 
2710, 2676, 2639, 2719 
2710, 2676, 2639, 2719 
2710, 2676, 2639, 2719 
2710, 2676, 2639, 2719 
2710, 2676, 2639, 2719 
2710, 2676, 2639, 2719 
2710, 2676, 2639, 2719 
2710, 2676, 2639, 2719 
2710, 2676, 2639, 2719 
2710, 2676, 2639, 2719 
2710, 2676, 2639, 2719 
2710, 2676, 2639, 2719 
2783, 2676, 2712, 2719 5, 2785, 2791 
2856, 2745, 2785, 2791 
2856, 2816, 2785, 2791 
2856, 2816, 2785, 2791 
2856, 2816, 2785, 2791 
2856, 2816, 2785, 2791 
2856, 2816, 2785, 2791 
2856, 2816, 2785, 2791 
2856, 2816, 2785, 2791 
2856, 2816, 2785, 2791 
2856, 2816, 2785, 2791 
2856, 2816, 2785, 2791 
2856, 2816, 2785, 2791 
2856, 2816, 2785, 2791 
2856, 2816, 2785, 2791 7, 2953, 2951 
3018, 2987, 2953, 2951 
3018, 2987, 2953, 2951 
3018, 2987, 2953, 2951 
3018, 2987, 2953, 2951 
3018, 2987, 2953, 2951 
3018, 2987, 2953, 2951 
3018, 2987, 2953, 2951 
3018, 2987, 2953, 2951 
3018, 2987, 2953, 2951 
3018, 2987, 2953, 2951 
3018, 2987, 2953, 2951 
3018, 2987, 2953, 2951 
3018, 2987, 2953, 2951 
3018, 2987, 2953, 2951 6, 3119, 3195 
3256, 3146, 3197, 3195 
3256, 3146, 3197, 3195 
3256, 3146, 3197, 3195 
3256, 35, 3372, 3364 
3430, 3305, 3372, 3364 
3430, 3305, 3372, 3364 
3430, 3398, 3372, 3364 
3430, 3398, 3372, 3364 
3430, 3398, 3372, 3364 
3430, 3398, 3372, 3364 
3430, 3398, 3372, 3364 
3430, 3398, 3372, 3364 
3430, 3398, 3372, 3364 
3430, 3398, 3372, 3364 
3430, 3398, 3372, 3364 
3430, 3398, 3372, 3364 
3430, 3398, 3372, 3364 
3430, 3398, 3372, 3364 
3430, 3398, 3372, 3364 
3430, 3398, 3372, 3364 
3430, 3398, 3372, 3364 
3430, 3398, 3372, 3364 
3430, 3398, 3372, 3364 
3430, 3398, 3372, 3364 
3430, 3398, 3372, 3364 
3430, 3398, 3372, 3364 
3430, 3398, 3372, 3364 
3430, 3398, 3372, 3364 
3430, 3398, 3372, 3364 
3430, 3398, 3372, 3364 
3430, 3398, 3372, 3450 
3430, 3398, 3372, 3450 
3430, 3398, 3372, 3450 
3430, 3398, 3372, 3450 
3430, 3398, 3372, 3450 
3430, 3398, 3372, 3450 
3430, 3398, 3372, 3450 
3430, 3398, 3372, 3450 
3430, 3398, 3372, 3450 
3430, 3398, 3372, 3450 
3430, 3398, 3372, 3450 
3430, 3398, 3372, 3450 
3430, 3398, 3372, 3450 
3430, 3398, 3372, 3450 
3430, 3398, 3372, 3450 
3430, 3398, 3372, 3450 
3430, 3398, 3372, 3450 
3430, 3398, 3372, 3450 
3430, 3398, 3372, 3450 
3518, 3398, 3460, 3450 
3518, 3398, 3460, 3450 
3518, 3398, 3460, 3450 
3518, 3398, 3460, 3450 
3518, 3398, 3460, 3450 
3518, 3398, 3460, 3450 
3518, 3398, 3460, 3450 
3518, 3398, 3460, 3450 
3518, 3483, 3460, 3450 
3518, 3483, 3460, 3450 
3518, 3483, 3460, 3450 
3518, 3483, 3460, 3450 
3518, 3483, 3460, 3450 
3518, 3483, 3460, 3450 
3518, 3483, 3460, 3450 
3518, 3483, 3460, 3450 
3518, 3483, 3460, 3450 
3518, 3483, 3460, 3450 
3518, 3483, 3460, 3450 
3518, 3483, 3460, 3450 
3518, 3483, 3460, 3450 
3518, 3483, 3460, 3450 
3518, 3483, 3460, 3450 
3518, 3483, 3460, 3450 
3518, 3483, 3460, 3450 
3518, 3483, 3460, 3450 
3518, 3483, 3460, 3450 
3518, 3483, 3460, 3450 
3518, 3483, 3460, 3450 
3518, 3483, 3460, 3450 
3518, 3483, 3460, 3450 
3518, 3483, 3460, 3450 
3518, 3483, 3460, 3531 
3518, 3483, 3460, 3531 
3518, 3483, 3460, 3531 
3518, 3483, 3460, 3531 
3518, 3483, 3460, 3531 
3518, 3483, 3460, 3531 
3518, 3483, 3460, 3531 
3518, 3483, 3460, 3531 
3518, 3483, 3460, 3531 
3518, 3483, 3460, 3531 
3518, 3483, 3460, 3531 
3518, 3483, 3460, 3531 
3518, 3483, 3460, 3531 
3592, 3483, 3535, 3531 
3592, 3483, 3535, 3531 
3592, 3483, 3535, 3531 
3592, 3483, 3535, 3531 
3592, 3483, 3535, 3531 
3592, 3483, 3535, 3531 
3592, 3483, 3535, 3531 
3592, 3483, 3535, 3531 
3592, 3483, 3535, 3531 
3592, 3557, 3535, 3531 
3592, 3557, 3535, 3531 
3592, 3557, 3535, 3531 
3592, 3557, 3535, 3531 
3592, 3557, 3535, 3531 
3592, 3557, 3535, 3531 
3592, 3557, 3535, 3531 
3592, 3557, 3535, 3531 
3592, 3557, 3535, 3531 
3592, 3557, 3535, 3531 
3592, 3557, 3535, 3531 
3592, 3557, 3535, 3531 
3592, 3557, 3535, 3531 
3592, 3557, 3535, 3531 
3592, 3557, 3535, 3531 
3592, 3557, 3535, 3531 
3592, 3557, 3535, 3531 
3592, 3557, 3535, 3531 
3592, 3557, 3535, 3531 
3592, 3557, 3535, 3531 
3592, 3557, 3535, 3531 
3592, 3557, 3535, 3531 
3592, 3557, 3535, 3607 
3592, 3557, 3535, 3607 
3592, 3557, 3535, 3607 
3592, 3557, 3535, 3607 
3592, 3557, 3535, 3607 
3592, 3557, 3535, 3607 
3592, 3557, 3535, 3607 
3592, 3557, 3535, 3607 
3592, 3557, 3535, 3607 
3592, 3557, 3535, 3607 
3592, 3557, 3535, 3607 
3592, 3557, 3535, 3607 
3592, 3557, 3535, 3607 
3592, 3557, 3535, 3607 
3665, 3557, 3609, 3607 
3665, 3557, 3609, 3607 
3665, 3557, 3609, 3607 
3665, 3557, 3609, 3607 
3665, 3557, 3609, 3607 
3665, 3557, 3609, 3607 
3665, 3557, 3609, 3607 
3665, 3557, 3609, 3607 
3665, 3557, 3609, 3607 
3665, 3557, 3609, 3607 
3665, 3629, 3609, 3607 
3665, 3629, 3609, 3607 
3665, 3629, 3609, 3607 
3665, 3629, 3609, 3607 
3665, 3629, 3609, 3607 
3665, 3629, 3609, 3607 
3665, 3629, 3609, 3607 
3665, 3629, 3609, 3607 
3665, 3629, 3609, 3607 
3665, 3629, 3609, 3607 
3665, 3629, 3609, 3607 
3665, 3629, 3609, 3607 
3665, 3629, 3609, 3607 
3665, 3629, 3609, 3607 
3665, 3629, 3609, 3607 
3665, 3629, 3609, 3607 
3665, 3629, 3609, 3607 
3665, 3629, 3609, 3607 
3665, 3629, 3609, 3607 
3665, 3629, 3609, 3607 
3665, 3629, 3609, 3607 
1 
211, 2, 1, 121 
211, 2, 1, 121 
211, 2, 1, 121 
211,, 7, 18, 280 
371, 7, 18, 280 
371, 7, 18, 280 
371, 7, 18, 280 
371, 7, 18, 280 
371, 7, 18, 280 
371, 7, 18, 280 
371, 7, 18, 280 
371, 7, 18, 280 
371, 7, 18, 280 
371, 7, 18, 280 
371, 7, 18, 280 
371, 7, 18, 280 
371, 7, 18, 280 
371, 7, 18, 280 
371, 7, 18, 280 
371, 7, 18, 280 
371, 7, 18, 280 
371, 7, 18, 280 
371, 7, 18, 280 
371, 7, 18, 38 
539, 12, 32, 448 
539, 12, 32, 448 
539, 12, 32, 448 
539, 12, 32, 448 
539, 12, 32, 448 
539, 12, 32, 448 
539, 12, 32, 448 
539, 12, 32, 448 
539, 12, 32, 522 
539, 12, 32, 522 
539, 12, 32, 522 
539, 12, 32, 522 
539, 12, 32, 522 
539, 12, 32, 522 
539, 12, 32, 522 
539, 12, 32, 522 
539, 12, 32, 522 
539, 12, 32, 522 
539, 12, 32, 522 
539,  612 
720, 12, 41, 612 
720, 12, 41, 712 
720, 12, 41, 712 
720, 12, 41, 712 
720, 12, 41, 712 
720, 12, 41, 712 
720, 12, 41, 712 
720, 12, 41, 712 
720, 12, 41, 712 
720, 12, 41, 712 
720, 12, 41, 712 
720, 12, 41, 712 
720, 12, 41, 712 
720, 12, 41, 712 
720, 12, 41, 712 
720, 12, 41, 712 
720, 12, 41, 712 
720, 12, 41, 712 
815, 12, 48, 712 
812, 874 
896, 12, 52, 874 
896, 12, 52, 874 
896, 12, 52, 874 
896, 12, 52, 874 
896, 12, 52, 874 
896, 12, 52, 874 
896, 12, 52, 874 
896, 12, 52, 874 
896, 12, 52, 874 
896, 12, 52, 874 
896, 12, 52, 874 
896, 12, 52, 874 
896, 12, 52, 874 
995, 12, 54, 874 
995, 12, 54, 874 
995, 12, 54, 874 
995, 12, 54, 874 
995, 12, 54, 874 
995, 12, 54, 874 
978 
1091, 12, 58, 978 
1091, 12, 58, 978 
1091, 12, 58, 978 
1091, 12, 58, 978 
1091, 12, 58, 978 
1091, 12, 58, 978 
1091, 12, 58, 978 
1091, 12, 58, 978 
1091, 12, 58, 978 
1091, 12, 58, 978 
1091, 12, 58, 978 
1091, 12, 58, 978 
1091, 12, 58, 978 
1091, 12, 58, 978 
1091, 12, 58, 978 
1091, 12, 58, 978 
1091, 12, 58, 978 
1091, 12, 58, 978 
109187, 12, 61, 1166 
1187, 12, 61, 1166 
1187, 12, 61, 1166 
1187, 12, 61, 1166 
1187, 12, 61, 1166 
1187, 12, 61, 1166 
1187, 12, 61, 1166 
1187, 12, 61, 1166 
1187, 12, 61, 1166 
1187, 12, 61, 1166 
1187, 12, 61, 1166 
1187, 12, 61, 1166 
1187, 12, 61, 1166 
1187, 12, 61, 1166 
1187, 12, 61, 1166 
1187, 12, 61, 1166 
1187, 12, 61, 1166 
1187, 12, 6292, 12, 66, 1268 
1292, 12, 66, 1268 
1292, 12, 66, 1268 
1292, 12, 66, 1268 
1292, 12, 66, 1268 
1292, 12, 66, 1268 
1292, 12, 66, 1268 
1389, 12, 69, 1268 
1389, 12, 69, 1268 
1389, 12, 69, 1268 
1389, 12, 69, 1268 
1389, 12, 69, 1268 
1389, 12, 69, 1268 
1389, 12, 69, 1268 
1389, 12, 69, 1268 
1389, 12, 69, 1268 
1389, 12, 69, 1268 
1389, 12, 6571, 12, 76, 1449 
1571, 12, 76, 1449 
1571, 12, 76, 1449 
1571, 12, 76, 1449 
1571, 12, 76, 1449 
1571, 12, 76, 1449 
1571, 12, 76, 1449 
1571, 12, 76, 1449 
1571, 12, 76, 1449 
1571, 12, 76, 1449 
1571, 12, 76, 1449 
1571, 12, 76, 1449 
1571, 12, 76, 1449 
1571, 12, 76, 1449 
1571, 12, 76, 1449 
1571, 12, 76, 1449 
1571, 12, 76, 1449 
1571, 12, 7753, 12, 84, 1621 
1753, 12, 84, 1621 
1753, 12, 84, 1621 
1753, 12, 84, 1621 
1753, 12, 84, 1621 
1753, 12, 84, 1621 
1753, 12, 84, 1621 
1753, 12, 84, 1621 
1753, 12, 84, 1621 
1753, 12, 84, 1621 
1753, 12, 84, 1621 
1753, 12, 84, 1621 
1753, 12, 84, 1621 
1753, 12, 84, 1621 
1753, 12, 84, 1621 
1753, 12, 84, 1621 
1753, 12, 84, 1621 
1753, 12, 8 
1941, 12, 93, 1886 
1941, 12, 93, 1886 
1941, 12, 93, 1886 
1941, 12, 93, 1886 
1941, 12, 93, 1886 
1941, 12, 93, 1886 
1941, 12, 93, 1886 
1941, 12, 93, 1886 
1941, 12, 93, 1886 
1941, 12, 93, 1886 
1941, 12, 93, 1886 
1941, 12, 93, 1886 
1941, 12, 93, 1886 
1941, 12, 93, 1886 
1941, 12, 93, 1886 
1941, 12, 93, 1886 
1941, 12, 93, 1886 
1941, 12, 93, 1886 
2030, 12, 97, 1886 
2030, 12, 97, 1886 
2030, 12, 97, 1886 
2030, 12, 97, 1886 
2030, 12, 97, 1886 
2030, 12, 97, 1886 
2030, 12, 97, 1886 
2030, 12, 97, 1886 
2030, 12, 97, 1886 
2030, 12, 97, 1886 
2030, 12, 97, 1886 
2030, 12, 97, 1886 
2030, 12, 97, 1886 
2030, 12, 97, 1886 
2030, 12, 97, 1886 
2030, 12, 97, 1886 
2030, 12, 97, 1886030, 12, 97, 1886 
2030, 12, 97, 1886 
2030, 12, 97, 1886 
2030, 12, 97, 1886 
2030, 12, 97, 1, -74, -96, -37 
-26, -74, -96, -37 
-26, -74, -96, -3741, -36 
-32, -11, -41, -36 
-32, -11, -41, -36 
-32, -11, -41, -36 
-32, -11, -41, -36 
-32, -11, -41, -36 
-32, -11, -41, -36 
-32, -11, -41, -36 
-32, -11, -41, -36 
-32, -11, -41, -36 
-32, -11, -41, -36 
-32, -11, -41, -36 
-32, -11, -41, -36 
-32, -11, -41, -36 
-32, -11, -41, -36 
-32, -11, -41, -36 
-32, -11, -41, -36 
-32, -11, -41, -36 
-, -57, -147, -20 
-2, -57, -147, -20 
-2, -57, -147, -20 
-2, -57, -147, -20 
-2, -99, -147, -20 
-2, -99, -147, -20 
-2, -99, -147, -20 
-2, -99, -147, -20 
-2, -99, -147, -20 
-2, -99, -147, -20 
-2, -99, -147, -20 
-2, -99, -147, -20 
-2, -99, -147, -20 
-2, -99, -147, -20 
-2, -99, -147, -20 
-2, -99, -147, -20 
-2, -99, -147, -20 
-2, -99, -1479, -137, -211, 71 
79, -137, -211, 71 
79, -137, -211, 71 
79, -137, -211, 71 
79, -176, -211, 71 
79, -176, -211, 71 
79, -176, -211, 71 
79, -176, -211, 71 
79, -176, -211, 71 
79, -176, -211, 71 
79, -176, -211, 71 
79, -176, -211, 71 
79, -176, -211, 71 
79, -176, -211, 71 
79, -176, -211, 71 
79, -176, -211, 71 
79, -176, -211, 71 
79, -176, -176, -211, 140 
149, -176, -265, 140 
149, -176, -265, 140 
149, -176, -265, 140 
149, -176, -265, 140 
149, -176, -265, 140 
149, -176, -265, 140 
149, -176, -265, 140 
149, -176, -265, 140 
149, -176, -265, 140 
149, -176, -265, 140 
149, -235, -265, 140 
149, -235, -265, 140 
149, -235, -265, 140 
149, -235, -265, 140 
149, -235, -265, 140 
149-294, -322, 208 
213, -294, -322, 208 
213, -294, -322, 208 
213, -294, -322, 208 
213, -294, -322, 208 
213, -294, -322, 208 
213, -294, -322, 208 
213, -294, -322, 208 
213, -294, -322, 208 
213, -294, -322, 208 
213, -294, -322, 208 
213, -294, -322, 208 
213, -294, -322, 208 
213, -294, -322, 208 
213, -294, -322, 208 
213, -294, -322, 208 
213-361, -377, 276 
269, -361, -377, 276 
269, -361, -377, 276 
269, -361, -377, 276 
269, -361, -377, 276 
269, -361, -377, 276 
269, -361, -377, 276 
269, -361, -377, 276 
269, -361, -377, 276 
269, -361, -377, 276 
269, -361, -377, 276 
269, -361, -377, 276 
269, -361, -377, 276 
269, -361, -377, 339 
269, -361, -377, 339 
269, -361, -377, 339 
269-424, -509, 407 
401, -424, -509, 407 
401, -424, -509, 407 
401, -424, -509, 407 
401, -424, -509, 407 
401, -424, -509, 407 
401, -424, -509, 407 
401, -495, -509, 407 
401, -495, -509, 407 
401, -495, -509, 407 
401, -495, -509, 407 
401, -495, -509, 407 
401, -495, -509, 407 
401, -495, -509, 407 
401, -495, -509, 407 
401, -495, -509, 407 
401-495, -579, 483 
470, -495, -579, 483 
470, -495, -579, 483 
470, -495, -579, 483 
470, -495, -579, 483 
470, -495, -579, 483 
470, -495, -579, 483 
470, -495, -579, 483 
470, -495, -579, 483 
470, -495, -579, 483 
470, -495, -579, 483 
470, -578, -579, 483 
470, -578, -579, 483 
470, -578, -579, 483 
470, -578, -579, 483 
470, -578, -579, 483 
470-578, -669, 573 
562, -578, -669, 573 
562, -578, -669, 573 
562, -578, -669, 573 
562, -659, -669, 573 
562, -659, -669, 573 
562, -659, -669, 573 
562, -659, -669, 573 
562, -659, -669, 573 
562, -659, -669, 573 
562, -659, -669, 573 
562, -659, -669, 573 
562, -659, -669, 573 
562, -659, -669, 573 
562, -659, -669, 573 
562, -659, -669, 573 
562864 
786, -883, -881, 864 
786, -883, -881, 864 
786, -883, -881, 864 
786, -883, -881, 864 
786, -883, -881, 864 
786, -883, -881, 864 
786, -883, -881, 864 
786, -883, -881, 864 
786, -883, -881, 864 
786, -883, -881, 864 
786, -883, -881, 864 
786, -883, -881, 864 
786, -883, -881, 864 
863, -883, -957, 864 
863, -883, -957, 864 
863, -883, -957 -1060, -1133, 1045 
1047, -1060, -1133, 1045 
1047, -1060, -1133, 1045 
1047, -1060, -1133, 1045 
1047, -1060, -1133, 1045 
1047, -1060, -1133, 1045 
1047, -1060, -1133, 1045 
1047, -1060, -1133, 1045 
1047, -1135, -1133, 1045 
1047, -1135, -1133, 1045 
1047, -1135, -1133, 1045 
1047, -1135, -1133, 1045 
1047, -1135, -1133, 1045 
1047, -1135, -113 -1286, -1282, 1271 
1201, -1286, -1282, 1271 
1201, -1286, -1282, 1271 
1201, -1286, -1282, 1 -1536, -1527, 1522 
1454, -1536, -1527, 1522 
1454, -1536, -1527, 1522 
1454, -1536, -1527, 1522 
1454, -1536, -1527, 1522 
1454, -1536, -1527, 1522 
1454, -1536, -1527, 1522 
1539, -1536, -1614, 1522 
1539, -1536, -1614, 1522 
1539, -1536, -1614, 1522 
1539, -1536, -1614, 1522 
1539, -1536, -1614, 1522 
1539, -1536, -1614, 1522 
1539, -1536, -1614, 1522 
1539, -1536, -1614, 1522 
1539, -1536, -1614, 1522 
1539, -1536, -1614, 1522 
1539, -1623, -1614, 1522 
1539, -1623, -1614, 1522 
1539, -1623, -1614, 1522 
1539, -1623, -1614, 1522 
1539, -1623, -1614, 1522 
1539, -1623, -1614, 1522 
1539, -1623, -1614, 1522 
1539, -1623, -1614, 1522 
1539, -1623, -1614, 1522 
1539, -1623, -1614, 1522 
1539, -1623, -1614, 1522 
1539, -1623, -1614, 1522 
1539, -1623, -1614, 1522 
1539, -1623, -1614, 1522 
1539, -1623, -1614, 1522 
1539, -1623, -1614, 1522 
1539, -1623, -1614, 1522 
1539, -1623, -1614, 1522 
1539, -1623, -1614, 1522 
1539, -1623, -1614, 1522 
1539, -1623, -1614, 1522 
1539, -1623, -1614, 1522 
1539, -1623, -1614, 1522 
1539, -1623, -1614, 1613 
1539, -1623, -1614, 1613 
1539, -1623, -1614, 1613 
1539, -1623, -1614, 1613 
1539, -1623, -1614, 1613 
1539, -1623, -1614, 1613 
1539, -1623, -1614, 1613 
1539, -1623, -1614, 1613 
1539, -1623, -1614, 1613 
1539, -1623, -1614, 1613 
1539, -1623, -1614, 1613 
1539, -1623, -1614, 1613 
1539, -1623, -1687, 1613 
1616, -1623, -1687, 1613 
1616, -1623, -1687, 1613 
1616, -1623, -1687, 1613 
1616, -1623, -1687, 1613 
1616, -1623, -1687, 1613 
1616, -1623, -1687, 1613 
1616, -1623, -1687, 1613 
1616, -1623, -1687, 1613 
1616, -1698, -1687, 1613 
1616, -1698, -1687, 1613 
1616, -1698, -1687, 1613 
1616, -1698, -1687, 1613 
1616, -1698, -1687, 1613 
1616, -1698, -1687, 1613 
1616, -1698, -1687, 1613 
1616, -1698, -1687, 1613 
1616, -1698, -1687, 1613 
1616, -1698, -1687, 1613 
1616, -1698, -1687, 1613 
1616, -1698, -1687, 1613 
1616, -1698, -1687, 1613 
1616, -1698, -1687, 1613 
1616, -1698, -1687, 1613 
1616, -1698, -1687, 1613 
1616, -1698, -1687, 1613 
1616, -1698, -1687, 1613 
1616, -1698, -1687, 1613 
1616, -1698, -1687, 1613 
1616, -1698, -1687, 1613 
1616, -1698, -1687, 1613 
1616, -1698, -1687, 1613 
1616, -1698, -1687, 1688 
1616, -1698, -1687, 1688 
1616, -1698, -1687, 1688 
1616, -1698, -1687, 1688 
1616, -1698, -1687, 1688 
1616, -1698, -1687, 1688 
1616, -1698, -1687, 1688 
1616, -1698, -1687, 1688 
1616, -1698, -1687, 1688 
1616, -1698, -1687, 1688 
1616, -1698, -1687, 1688 
1616, -1698, -1687, 1688 
1616, -1698, -1687, 1688 
1689, -1698, -1763, 1688 
1689, -1698, -1763, 1688 
1689, -1698, -1763, 1688 
1689, -1698, -1763, 1688 
1689, -1698, -1763, 1688 
1689, -1698, -1763, 1688 
1689, -1698, -1763, 1688 
1689, -1698, -1763, 1688 
1689, -1770, -1763, 1688 
1689, -1770, -1763, 1688 
1689, -1770, -1763, 1688 
1689, -1770, -1763, 1688 
1689, -1770, -1763, 1688 
1689, -1770, -1763, 1688 
1689, -1770, -1763, 1688 
1689, -1770, -1763, 1688 
1689, -1770, -1763, 1688 
1689, -1770, -1763, 1688 
1689, -1770, -1763, 1688 
1689, -1770, -1763, 1688 
1689, -1770, -1763, 1688 
1689, -1770, -1763, 1688 
1689, -1770, -1763, 1688 
1689, -1770, -1763, 1688 
1689, -1770, -1763, 1688 
1689, -1770, -1763, 1688 
1689, -1770, -1763, 1688 
1689, -1770, -1763, 1688 
1689, -1770, -1763, 1688 
1689, -1770, -1763, 1688 
1689, -1770, -1763, 1688 
1689, -1770, -1763, 1688 
1689, -1770, -1763, 1688 
1689, -1770, -1763, 1757 
1689, -1770, -1763, 1757 
1689, -1770, -1763, 1757 
1689, -1770, -1763, 1757 
1689, -1770, -1763, 1757 
1689, -1770, -1763, 1757 
1689, -1770, -1763, 1757 
1689, -1770, -1763, 1757 
1689, -1770, -1763, 1757 
1689, -1770, -1763, 1757 
1689, -1770, -1763, 1757 
1689, -1770, -1763, 1757 
1689, -1770, -1763, 1757 
1689, -1770, -1763, 1757 
1765, -1770, -1835, 1757 
1765, -1770, -1835, 1757 
1765, -1770, -1835, 1757 
1765, -1770, -1835, 1757 
1765, -1770, -1835, 1757 
1765, -1770, -1835, 1757 
1765, -1770, -1835, 1757 
1765, -1770, -1835, 1757 
1765, -1770, -1835, 1757 
1765, -1770, -1835, 1757 