-112, -130, 132 
134, -112, -130, 132 
134, -112, -130,-349, -304, 340 
303, -349, -304, 340 
367, -349, -368, 340 
367, -349, -368, 340 
367, -349, -368, 340 
367, -349, -368, 340 
367, -349, -368, 340 
367, -349, -368, 340 
367, -349, -368, 340 
367, -349, -368, 340 
367, -349, -368, 340 
367, -349, -368, 340 
367, -413, -368, 396 
367, -413, -368, 396 
367, -413, -368, 396 
367, -413, -368, 396 
367-559, -509, 531 
507, -559, -509, 531 
507, -559, -509, 531 
507, -559, -509, 531 
580, -559, -579, 531 
580, -559, -579, 531 
580, -559, -579, 531 
580, -559, -579, 531 
580, -559, -579, 531 
580, -559, -579, 531 
580, -559, -579, 531 
580, -559, -579, 531 
580, -559, -579, 531 
580, -559, -579, 531 
580, -627, -579, 600 
580, -627, -579, 600 
5806 
790, -833, -792, 806 
790, -833, -792, 806 
790, -833, -792, 806 
790, -833, -792, 806 
790, -833, -792, 806 
790, -833, -792, 806 
790, -833, -792, 806 
790, -833, -792, 806 
790, -833, -792, 806 
790, -833, -792, 806 
790, -833, -792, 806 
790, -833, -792, 806 
790, -833, -792, 806 
790, -833, -792, 806 
790, -833, -792, 806 
790, -833, -792, -864, 806 
859, -833, -864, 806 
859, -833, -864, 806 
859, -833, -864, 806 
859, -833, -864, 806 
859, -910, -864, 881 
859, -910, -864, 881 
859, -910, -864, 881 
859, -910, -864, 881 
859, -910, -864, 881 
859, -910, -864, 881 
859, -910, -864, 881 
859, -910, -864, 881 
859, -910, -864, 881 
859, -910, -864, 881 
859, -910, -864, 881 
859, -910, -864, 881 
859, -910, -864, 881 
859, -910, -864, 881 
859, -910, -864, 881 
859, -910, -864, 881 
859, -910, -864, 881 
859, -910, -864, 881 
859, -910, -864, 881 
859, -910, -864, 881 
859, -910, -864, 881 
859, -910, -864, 881 
859, -910, -864, 881 
859, -910, -864, 881 
859, -910, -864, 881 
859, -910, -864, 881 
859, -910, -864, 881 
859, -910, -864, 881 
859, -910, -864, 881 
859, -910, -864, 881 
859, -910, -864, 881 
859, -910, -864, 881 
859, -910, -864, 881 
859, -910, -864, 881 
859, -910, -864, 881 
859, -910, -864, 881 
859, -910, -864, 881 
859, -910, -864, 881 
859, -910, -864, 881 
859, -910, -864, 881 
859, -910, -864, 881 
859, -910, -864, 881 
859, -910, -864, 881 
859, -910, -864, 881 
859, -910, -864, 881 
859, -910, -864, 881 
859, -910, -864, 881 
859, -910, -864, 881 
859, -910, -864, 881 
947, -910, -950, 881 
947, -910, -950, 881 
947, -910, -950, 881 
947, -910, -950, 881 
947, -910, -950, 881 
947, -910, -950, 881 
947, -910, -950, 881 
947, -910, -950, 881 
947, -910, -950, 881 
947, -910, -950, 881 
947, -910, -950, 881 
947, -988, -950, 959 
947, -988, -950, 959 
947, -988, -950, 959 
947, -988, -950, 959 
947, -988, -950, 959 
947, -988, -950, 959 
947, -988, -950, 959 
947, -988, -950, 959 
947, -988, -950, 959 
947, -988, -950, 959 
947, -988, -950, 959 
947, -988, -950, 959 
947, -988, -950, 959 
947, -988, -950, 959 
947, -988, -950, 959 
947, -988, -950, 959 
947, -988, -950, 959 
947, -988, -950, 959 
947, -988, -950, 959 
947, -988, -950, 959 
947, -988, -950, 959 
947, -988, -950, 959 
947, -988, -950, 959 
947, -988, -950, 959 
947, -988, -950, 959 
947, -988, -950, 959 
947, -988, -950, 959 
947, -988, -950, 959 
947, -988, -950, 959 
947, -988, -950, 959 
947, -988, -950, 959 
947, -988, -950, 959 
947, -988, -950, 959 
947, -988, -950, 959 
947, -988, -950, 959 
947, -988, -950, 959 
947, -988, -950, 959 
947, -988, -950, 959 
947, -988, -950, 959 
947, -988, -950, 959 
947, -988, -950, 959 
947, -988, -950, 959 
947, -988, -950, 959 
947, -988, -950, 959 
947, -988, -950, 959 
1015, -988, -1020, 959 
1015, -988, -1020, 959 
1015, -988, -1020, 959 
1015, -988, -1020, 959 
1015, -988, -1020, 959 
1015, -988, -1020, 959 
1015, -988, -1020, 959 
1015, -988, -1020, 959 
1015, -988, -1020, 959 
1015, -988, -1020, 959 
1015, -988, -1020, 959 
1015, -1058, -1020, 1028 
1015, -1058, -1020, 1028 
1015, -1058, -1020, 1028 
1015, -1058, -1020, 1028 
1015, -1058, -1020, 1028 
1015, -1058, -1020, 1028 
1015, -1058, -1020, 1028 
1015, -1058, -1020, 1028 
1015, -1058, -1020, 1028 
1015, -1058, -1020, 1028 
1015, -1058, -1020, 1028 
1015, -1058, -1020, 1028 
1015, -1058, -1020, 1028 
1015, -1058, -1020, 1028 
1015, -1058, -1020, 1028 
1015, -1058, -1020, 1028 
1015, -1058, -1020, 1028 
1015, -1058, -1020, 1028 
1015, -1058, -1020, 1028 
1015, -1058, -1020, 1028 
1015, -1058, -1020, 1028 
1015, -1058, -1020, 1028 
1015, -1058, -1020, 1028 
1015, -1058, -1020, 1028 
1015, -1058, -1020, 1028 
1015, -1058, -1020, 1028 
1015, -1058, -1020, 1028 
1015, -1058, -1020, 1028 
1015, -1058, -1020, 1028 
1015, -1058, -1020, 1028 
1015, -1058, -1020, 1028 
1015, -1058, -1020, 1028 
1015, -1058, -1020, 1028 
1015, -1058, -1020, 1028 
1015, -1058, -1020, 1028 
1015, -1058, -1020, 1028 
1015, -1058, -1020, 1028 
1015, -1058, -1020, 1028 
1015, -1058, -1020, 1028 
1015, -1058, -1020, 1028 
1015, -1058, -1020, 1028 
1095, -1058, -1096, 1028 
1095, -1058, -1096, 1028 
1095, -1058, -1096, 1028 
1095, -1058, -1096, 1028 
1095, -1058, -1096, 1028 
1095, -1058, -1096, 1028 
1095, -1058, -1096, 1028 
1095, -1058, -1096, 1028 
1095, -1058, -1096, 1028 
1095, -1058, -1096, 1028 
*************************
0, 0, 0, 0 
0, 0, 0, 0 
0, 0, 0, 0 
0, 0, 0, 0 
0, 0, 0, 0 
0, 0, 0, 0 
0, 0, 0, 0 
0, 0, 0, 0 
0, 0, 0, 0 
0, 0, 0, 0 
0, 0, 0, 0 
0, 0, 0, 0 
0, 0, 0, 0 
0, 0, 0, 0 
0, 0, 0, 0 
0, 0, 0, 0 
0, 0, 0, 0 
0, 0, 0, 0 
0, 0, 0, 0 
0, 0, 0, 0 
0, 0, 0, 0 
0, 0, 0, 0 
0, 0, 0, 0 
0, 0, 0, 0 
0, 0, 0, 0 
0, 0, 0, 0 
0, 0, 0, 0 
0, 0, 0, 0 
0, 0, 0, 0 
0, 0, 0, 0 
0, 0, 0, 0 
0, 0, 0, 0 
0, 0, 0, 0 
0, 0, 0, 0 
0, 0, 0, 0 
0, 0, 0, 0 
0, 0, 0, 0 
0, 0, 0, 0 
0, 0, 0, 0 
0, 0, 0, 0 
0, 0, 0, 0 
0, 0, 0, 0 
0, 0, 0, 0 
0, 0, 0, 0 
0, 0, 0, 0 
0, 0, 0, 0 
0, 0, 0, 0 
0, 0, 0, 0 
0, 0, 0, 0 
0, 0, 0, 0 
0, 0, 0, 0 
0, 0, 0, 0 
0, 0, 0, 0 
0, 0, 0, 0 
0, 0, 0, 0 
0, 0, 0, 0 
0, 0, 0, 0 
0, 0, 0, 0 
0, 0, 0, 0 
0, 0, 0, 0 
0, 0, 0,  -14, -8, 17 
7, -14, -8, 17 
7, -14, -8, 17 
7, -14, -8, 17 
7, -14, -8, 17 
7, -14, -8, 17 
7, -14, -8, 17 
7, -14, -8, 17 
7, -14, -8, 17 
7, -14, -8, 17 
7, -14, -8, 17 
7, -14, -8, 17 
7, -14, -8, 17 
7, -14, -8, 17 
7, -14, -8, 17 
7, -14, -8, 17 
7, -14, -8, 17 
7, -14, -8, 17 
7, -14, -8, 17 
7, -14, -8, 17 
7, -14, -8, 17 
7, -14, -8, 17 
 -62 
-51, -32, -57, -62 
-51, -32, -57, -62 
-51, -32, -57, -62 
-51, -32, -57, -62 
-51, -32, -57, -62 
-51, -32, -57, -62 
-51, -32, -57, -62 
-51, -32, -57, -62 
-51, -32, -57, -62 
-51, -32, -57, -62 
-51, -32, -57, -62 
-51, -32, -57, -62 
-51, -32, -57, -62 
-51, -32, -57, -62 
-51, -32, -57, -62 
-51, -32, -57, -62 
-67, -32, -94, -62 
-67,5, -143, -141 
-108, -105, -143, -141 
-108, -105, -143, -141 
-108, -105, -143, -141 
-108, -105, -143, -141 
-108, -105, -143, -141 
-108, -105, -143, -141 
-108, -105, -143, -141 
-108, -105, -143, -141 
-108, -105, -143, -141 
-108, -105, -143, -141 
-108, -105, -143, -141 
-108, -105, -143, -141 
-108, -105, -143, -141 
-108, -105, -143, -141 1, -341, -334 
-296, -301, -341, -334 
-296, -301, -341, -334 
-296, -301, -341, -334 
-296, -301, -341, -334 
-296, -301, -341, -334 
-296, -301, -341, -334 
-364, -301, -410, -334 
-364, -301, -410, -334 
-364, -301, -410, -334 
-364, -301, -410, -334 
-364, -301, -410, -334 
-364, -301, -410, -334 
-364, -301, -410, -334 
-364, -301, -410, -334 3, -485, -473 
-441, -443, -485, -473 
-441, -443, -485, -473 
-441, -443, -485, -473 
-441, -443, -485, -473 
-441, -443, -485, -473 
-441, -443, -485, -473 
-441, -443, -485, -473 
-441, -443, -485, -473 
-441, -443, -485, -473 
-441, -443, -485, -473 
-441, -443, -485, -473 
-441, -443, -485, -473 
-441, -443, -485, -473 
-441, -443, -485, -473 0, -573, -566 
-529, -540, -573, -566 
-529, -540, -573, -566 
-529, -540, -573, -566 
-529, -540, -573, -566 
-529, -540, -573, -566 
-529, -540, -573, -566 
-529, -540, -573, -566 
-529, -540, -573, -566 
-529, -540, -573, -566 
-529, -540, -573, -566 
-529, -540, -573, -5, -905 
-964, -883, -999, -905 
-964, -883, -999, -905 
-964, -883, -999, -905 
-964, -883, -999, -905 
-964, -883, -999, -905 
-964, -883, -999, -905 
-964, -883, -999, -905 
-964, -883, -999, -905 
-964, -883, -999, -905 
-964, -883, -999, -905 
-964, -883, -999, -905 
-964, -957, -999, -978 
-964, -957, -999, -978 
-964, -957, -999, -978 
-964, -957, -999, -978 
-964, -957, -999, -978 
-964, -957, -999, -978 
-964, -957, -999, -978 
-964, -957, -999, -978 
-964, -957, -999, -978 
-964, -957, -999, -978 
-964, -957, -999, -978 
-964, -957, -999, -978 
-964, -957, -999, -978 
-964, -957, -999, -978 
-964, -957, -999, -978 
-964, -957, -999, -978 
-964, -957, -999, -978 
-964, -957, -999, -978 
-964, -957, -999, -978 
-964, -957, -999, -978 
-964, -957, -999, -978 
-964, -957, -999, -978 
-964, -957, -999, -978 
-964, -957, -999, -978 
-964, -957, -999, -978 
-964, -957, -999, -978 
-964, -957, -999, -978 
-964, -957, -999, -978 
-964, -957, -999, -978 
-964, -957, -999, -978 
-964, -957, -999, -978 
-964, -957, -999, -978 
-964, -957, -999, -978 
-964, -957, -999, -978 
-964, -957, -999, -978 
-964, -957, -999, -978 
-964, -957, -999, -978 
-964, -957, -999, -978 
-964, -957, -999, -978 
-964, -957, -999, -978 
-964, -957, -999, -978 
-964, -957, -999, -978 
-964, -957, -999, -978 
-964, -957, -999, -978 
-964, -957, -999, -978 
-964, -957, -999, -978 
-964, -957, -999, -978 
-964, -957, -999, -978 
-964, -957, -999, -978 
-964, -957, -999, -978 
-964, -957, -999, -978 
-1039, -957, -1073, -978 
-1039, -957, -1073, -978 
-1039, -957, -1073, -978 
-1039, -957, -1073, -978 
-1039, -957, -1073, -978 
-1039, -957, -1073, -978 
-1039, -957, -1073, -978 
-1039, -957, -1073, -978 
-1039, -957, -1073, -978 
-1039, -1032, -1073, -1048 
-1039, -1032, -1073, -1048 
-1039, -1032, -1073, -1048 
-1039, -1032, -1073, -1048 
-1039, -1032, -1073, -1048 
-1039, -1032, -1073, -1048 
-1039, -1032, -1073, -1048 
-1039, -1032, -1073, -1048 
-1039, -1032, -1073, -1048 
-1039, -1032, -1073, -1048 
-1039, -1032, -1073, -1048 
-1039, -1032, -1073, -1048 
-1039, -1032, -1073, -1048 
-1039, -1032, -1073, -1048 
-1039, -1032, -1073, -1048 
-1039, -1032, -1073, -1048 
-1039, -1032, -1073, -1048 
-1039, -1032, -1073, -1048 
-1039, -1032, -1073, -1048 
-1039, -1032, -1073, -1048 
-1039, -1032, -1073, -1048 
-1039, -1032, -1073, -1048 
-1039, -1032, -1073, -1048 
-1039, -1032, -1073, -1048 
-1039, -1032, -1073, -1048 
-1039, -1032, -1073, -1048 
-1039, -1032, -1073, -1048 
-1039, -1032, -1073, -1048 
-1039, -1032, -1073, -1048 
-1039, -1032, -1073, -1048 
-1039, -1032, -1073, -1048 
-1039, -1032, -1073, -1048 
-1039, -1032, -1073, -1048 
-1039, -1032, -1073, -1048 
-1039, -1032, -1073, -1048 
-1039, -1032, -1073, -1048 
-1039, -1032, -1073, -1048 
-1039, -1032, -1073, -1048 
-1100, -1032, -1135, -1048 
-1100, -1032, -1135, -1048 
-1100, -1032, -1135, -1048 
-1100, -1032, -1135, -1048 
-1100, -1032, -1135, -1048 
-1100, -1032, -1135, -1048 
-1100, -1032, -1135, -1048 
-1100, -1032, -1135, -1048 
-1100, -1087, -1135, -1105 
-1100, -1087, -1135, -1105 
-1100, -1087, -1135, -1105 
-1100, -1087, -1135, -1105 
-1100, -1087, -1135, -1105 
-1100, -1087, -1135, -1105 
-1100, -1087, -1135, -1105 
-1100, -1087, -1135, -1105 
-1100, -1087, -1135, -1105 
-1100, -1087, -1135, -1105 
-1100, -1087, -1135, -1105 
-1100, -1087, -1135, -1105 
-1100, -1087, -1135, -1105 
-1100, -1087, -1135, -1105 
-1100, -1087, -1135, -1105 
-1100, -1087, -1135, -1105 
-1100, -1087, -1135, -1105 
-1100, -1087, -1135, -1105 
-1100, -1087, -1135, -1105 
-1100, -1087, -1135, -1105 
-1100, -1087, -1135, -1105 
-1100, -1087, -1135, -1105 
-1100, -1087, -1135, -1105 
-1100, -1087, -1135, -1105 
-1100, -1087, -1135, -1105 
-1100, -1087, -1135, -1105 
-1100, -1087, -1135, -1105 
-1100, -1087, -1135, -1105 
-1100, -1087, -1135, -1105 
-1100, -1087, -1135, -1105 
-1100, -1087, -1135, -1105 
-1100, -1087, -1135, -1105 
-1100, -1087, -1135, -1105 
-1100, -1087, -1135, -1105 
-1100, -1087, -1135, -1105 
0 
0, 0, 0, 0 
0, 0, 0, 0 
0, 0, 0, 0 
0, 0, 0, 0 
0, 031, -28 
-31, -24, -31, -28 
-31, -24, -31, -28 
-31, -24, -31, -28 
-31, -24, -31, -28 
-31, -24, -31, -28 
-31, -24, -31, -28 
-31, -24, -31, -28 
-31, -24, -31, -28 
-31, -54, -31, -78 
-31, -54, -31, -78 
-31, -54, -31, -78 
-31, -54, -31, -78 
-31, -54, -31, -78 
-31, -54, -31, -78 
-31, -54, -31, -78 
-31, -54, -31, -78 
-31, -54, -31, -78 
--132 
-77, -94, -129, -132 
-77, -94, -129, -132 
-77, -94, -129, -132 
-77, -94, -129, -132 
-77, -94, -129, -132 
-77, -94, -129, -132 
-77, -94, -129, -132 
-77, -94, -129, -132 
-77, -139, -129, -204 
-77, -139, -129, -204 
-77, -139, -129, -204 
-77, -139, -129, -204 
-77, -139, -129, -204 
-77, -139, -129, -204 
-77, -139, -129, -204 
-77, -11, -184, -293 
-120, -201, -184, -293 
-120, -201, -184, -293 
-120, -201, -184, -293 
-120, -201, -184, -293 
-120, -201, -184, -293 
-120, -201, -184, -293 
-120, -201, -184, -293 
-120, -201, -184, -293 
-120, -201, -184, -293 
-120, -201, -184, -293 
-120, -201, -184, -293 
-120, -201, -184, -293 
-120, -201, -184, -293 
-120, -201, -184, -293 5, -261, -362 
-192, -275, -261, -362 
-192, -275, -261, -362 
-192, -275, -261, -362 
-192, -275, -261, -362 
-192, -275, -261, -362 
-192, -275, -261, -362 
-192, -275, -261, -362 
-192, -275, -261, -362 
-192, -275, -261, -362 
-192, -275, -261, -362 
-192, -275, -261, -362 
-192, -275, -261, -362 
-192, -275, -261, -362 
-192, -275, -261, -362 3, -420, -514 
-344, -433, -420, -514 
-344, -433, -420, -514 
-344, -433, -420, -514 
-344, -433, -420, -514 
-344, -433, -420, -514 
-344, -433, -420, -514 
-344, -433, -420, -514 
-344, -433, -420, -514 
-344, -433, -420, -514 
-344, -433, -420, -514 
-344, -433, -420, -514 
-344, -433, -420, -514 
-344, -433, -420, -514 
-344, -433, -420, -514 4, -506, -599 
-430, -524, -506, -599 
-430, -524, -506, -599 
-430, -524, -506, -599 
-430, -524, -506, -599 
-430, -524, -506, -599 
-430, -524, -506, -599 
-430, -524, -506, -599 
-430, -524, -506, -599 
-430, -524, -506, -599 
-430, -524, -506, -599 
-430, -524, -506, -599 
-430, -524, -506, -599 
-430, -524, -506, -599 
-430, -524, -506, -599 7, -721, -704, -789 
-627, -721, -704, -789 
-627, -721, -704, -789 
-627, -721, -704, -789 
-627, -721, -704, -789 
-627, -721, -704, -789 
-627, -721, -704, -789 
-627, -721, -704, -789 
-627, -721, -704, -789 
-627, -721, -704, -789 
-627, -721, -704, -789 
-627, -721, -704, -789 
-627, -721, -704, -789 
-627, -721, -704, -789 
-627, -721, -704,891, -981 
-818, -918, -891, -981 
-818, -918, -891, -981 
-818, -918, -891, -981 
-818, -918, -891, -981 
-818, -918, -891, -981 
-818, -918, -891, -981 
-818, -918, -891, -981 
-818, -918, -891, -981 
-818, -918, -891, -981 
-905, -918, -981, -981 
-905, -918, -981, -981 
-905, -918, -981, -981 
-905, -918, -981, -981 
-905, -918, -981, -981 
-90, -1202, -1268, -1251 
-1191, -1202, -1268, -1251 
-1191, -1202, -1268, -1251 
-1191, -1202, -1268, -1251 
-1191, -1202, -1268, -1251 
-1191, -1202, -1268, -1251 
-1191, -1202, -1268, -1251 
-1191, -1202, -1268, -1251 
-1191, -1202, -1268, -1251 
-1191, -1297, -1268, -1345 
-1191, -1297, -1268, -1345 
-1191, -1297, -1268, -1345 
-1191, -1297, -1268, -1461, -1428, -1505 
-1356, -1461, -1428, -1505 
-1356, -1461, -1428, -1505 
-1356, -1461, -1428, -1505 
-1356, -1461, -1428, -1505 
-1356, -1461, -1428, -1505 
-1356, -1461, -1428, -1505 
-1356, -1461, -1428, -1505 
-1356, -1461, -1428, -1505 
-1356, -1461, -1428, -1505 
-1356, -1461, -1428, -1505 
-1356, -1461, -1428, -1505 
-1356, -1461, -1428, -1538, -1510, -1583 
-1514, -1538, -1587, -1583 
-1514, -1538, -1587, -1583 
-1514, -1538, -1587, -1583 
-1514, -1538, -1587, -1583 
-1514, -1538, -1587, -1583 
-1514, -1538, -1587, -1583 
-1514, -1538, -1587, -1583 
-1514, -1538, -1587, -1583 
-1514, -1538, -1587, -1583 
-1514, -1616, -1587, -1659 
-1514, -1616, -1587, -1659 
-1514, -1616, -1587, -1726, -1691, -1764 
-1622, -1726, -1691, -1764 
-1622, -1726, -1691, -1764 
-1622, -1726, -, -2527, -2485, -2552 
-2421, -2527, -2485, -2552 
-242, -2703, -2661, -2727 
-2600, -2703, -2661, -2727 
-2600, -2703, -2661, -2727 
-2600, -2703, -2661, -2727 
-2600, -2703, -2661, -2727 
-2600, -2703, -2661, -2727 
-2600, -2703, -2661, -2727 
-2600, -2703, -2661, -2727 
-2600, -2703, -2661, -2727 
-2600, -2703, -2661, -2727 
-2600, -2703, -2661, -2727 
-2600, -2703, -2661, -2727 
-2600, -2703, -2661, -2862, -2815, -2882 
-2833, -2862, -2891, -2882 
-2833, -2862, -2891, -2882 
-2833, -2862, -2891, -2882 
-2833, -2862, -2891, -2882 
-2833, -2862, -2891, -2882 
-2833, -2862, -2891, -2882 
-2833, -2862, -2891, -2882 
-2833, -2862, -2891, -2882 
-2833, -2862, -2891, -2882 
-2833, -2862, -2891, -2882 
-2833, -2932, -2891, -2952 
-2833, -2932, -2891, -3019, -2973, -3041 
-2917, -3019, -2973, -3041 
-2917, -3019, -2973, -3041 
-2917, -3019, -2973, -3041 
-2917, -3019, -2973, -3041 
-2917, -3019, -2973, -3041 
-2917, -3019, -2973, -3041 
-2917, -3019, -2973, -3041 
-2917, -3019, -2973, -3041 
-2917, -3019, -2973, -3041 
-2917, -3019, -2973, -3041 
-2917, -3019, -2973, -3041 
-2917, -3019, -2973, -3123, -3078, -3141 
-3022, -3123, -3078, -3141 
-3022, -3123, -3078, -3141 
-3022, -3123, -3078, -3141 
-3022, -3123, -3078, -3141 
-3022, -3123, -3078, -3141 
-3022, -3123, -3078, -3141 
-3022, -3123, -3078, -3141 
-3022, -3123, -3078, -3141 
-3022, -3123, -3078, -3141 
-3022, -3123, -3078, -3141 
-3022, -3123, -3078, -3141 
-3022, -3123, -3078, -3199, -3238, -3220 
-3182, -3199, -3238, -3220 
-3182, -3199, -3238, -3220 
-3182, -3199, -3238, -3220 
-3182, -3199, -3238, -3220 
-3182, -3199, -3238, -3220 
-3182, -3199, -3238, -3220 
-3182, -3199, -3238, -3220 
-3182, -3199, -3238, -3220 
-3182, -3199, -3238, -3220 
-3182, -3279, -3238, -3285 
-3182, -3279, -3238, -3285 
-3182, -3279, -3238, -3279, -3313, -3285 
-3269, -3354, -3313, -3292 
-3269, -3354, -3313, -3292 
-3269, -3354, -3313, -3292 
-3269, -3354, -3313, -3292 
-3269, -3354, -3313, -3292 
-3269, -3354, -3313, -3292 
-3269, -3354, -3313, -3292 
-3269, -3354, -3313, -3292 
-3269, -3354, -3313, -3292 
-3269, -3354, -3313, -3292 
-3269, -3354, -3313, -3292 
-3269, -3354, -3313, -3404, -3378, -3328 
-3357, -3404, -3378, -3328 
-3357, -3404, -3378, -3328 
-3357, -3404, -3378, -3328 
-3357, -3404, -3378, -3328 
-3357, -3404, -3378, -3328 
-3357, -3404, -3378, -3328 
-3357, -3404, -3378, -3328 
-3357, -3404, -3378, -3328 
-3357, -3404, -3378, -3328 
-3357, -3404, -3378, -3328 
-3357, -3404, -3378, -3328 
-3445, -3404, -3432, -3493, -3483, -3454 
-3508, -3493, -3483, -3454 
-3508, -3493, -3483, -3454 
-3508, -3493, -3483, -3454 
-3508, -3493, -3483, -3454 
-3508, -3493, -3483, -3454 
-3508, -3493, -3483, -3454 
-3508, -3493, -3483, -3454 
-3508, -3493, -3483, -3454 
-3508, -3493, -3483, -3454 
-3541, -3493, -3537, -3454 
-3541, -3493, -3537, -3454 
-3541, -3493, -3537, -3454 
-3541, -3493, -3537, -3454 
-3541, -3493, -3537, -3454 
-3541, -3493, -3537, -3454 
-3541, -3493, -3537, -3454 
-3541, -3493, -3537, -3454 
-3541, -3493, -3537, -3499 
-3541, -3537, -3537, -3499 
-3541, -3537, -3537, -3499 
-3541, -3537, -3537, -3499 
-3541, -3537, -3537, -3499 
-3541, -3537, -3537, -3499 
-3541, -3537, -3537, -3499 
-3541581, -3591, -3563 
-3593, -3581, -3591, -3563 
-3593, -3581, -3591, -3563 
-3593, -3581, -3591, -3563 
-3593, -3581, -3591, -3563 
-3593, -3581, -3591, -3563 
-3593, -3581, -3591, -3563 
-3593, -3581, -3591, -3563 
-3593, -3581, -3591, -3563 
-3593, -3581, -3591, -3563 
-3593, -3581, -3591, -3563 
-3593, -3581, -3591, -3563 
-3593, -3581, -3591, -33653, -3620 
-3632, -3627, -3653, -3620 
-3632, -3627, -3653, -3620 
-3632, -3627, -3653, -3620 
-3632, -3627, -3653, -3620 
-3632, -3627, -3653, -3620 
-3632, -3627, -3653, -3620 
-3632, -3627, -3653, -3620 
-3632, -3627, -3653, -3620 
-3632, -3627, -3653, -3620 
-3632, -3627, -3653, -3620 
-3632, -3627, -3653, -3620 
-3632, -3627, -3653, -3620 
-10, -16, 16 
-12, 10, -16, 16 
-12, 10, -16, 16 
-12, 10, -16, 16 
-12, 10, -16, 16 
-12, 10, 12, 449, 375, 420 
412, 449, 375, 420 
412, 449, 375, 476, 609, 539, 586 
576, 609, 539, 586 
576, 609, 539, 586 
576, 609, 539, 586 
576, 609, 539, 586 
576, 609, 539, 586 
576, 609, 539, 586 
576, 609, 539, 586 
576, 609, 539, 586 
576, 609, 539, 586 
576, 609, 539, 586 
576, 609, 539, 586 
576, 609, 539, 586 
576, 609, 539, 586 
576, 609, 539, 586 
576, 609, 539, 586 
576, 609, 539, 586 
576, 609, 593, 725, 771 
763, 793, 725, 771 
763, 793, 725, 771 
763, 793, 725, 771 
763, 793, 725, 771 
763, 793, 725, 771 
763, 793, 725, 771 
763, 793, 725, 771 
763, 793, 725, 771 
763, 793, 725, 771 
763, 793, 725, 771 
763, 793, 725, 771 
763, 793, 725, 771 
763, 793, 725, 771 
763, 793, 725, 771 
763, 793, 725, 771 
763, 793, 725, 771 
763, 793, 725, 7 960 
952, 975, 909, 960 
952, 975, 909, 960 
952, 975, 909, 960 
952, 975, 909, 960 
952, 975, 909, 960 
952, 975, 909, 960 
952, 975, 909, 960 
952, 975, 909, 960 
952, 975, 909, 960 
952, 975, 909, 960 
1033, 975, 995, 960 
1033, 975, 995, 960 
1033, 975, 995, 960 
1033, 975, 995, 960 
1033, 975, 995, 960 
1033, 975, 995, 960 
1033, 975, 995, 966, 1177, 1234 
1213, 1246, 1177, 1234 
1213, 1246, 1177, 1234 
1213, 1246, 1177, 1234 
1213, 1246, 1177, 1234 
1213, 1246, 1177, 1234 
1213, 1246, 1177, 1234 
1213, 1246, 1177, 1234 
1213, 1246, 1177, 1234 
1213, 1246, 1177, 1234 
1213, 1246, 1177, 1234 
1213, 1246, 1177, 1234 
1213, 1246, 1177, 1234 
1213, 1246, 1177, 1234 
1213, 1246, 1177, 1234 7, 1262, 1314 
1297, 1327, 1262, 1314 
1297, 1327, 1262, 1314 
1297, 1327, 1262, 1314 
1297, 1327, 1262, 1314 
1297, 1327, 1262, 1314 
1297, 1327, 1262, 1314 
1297, 1327, 1262, 1314 
1297, 1327, 1262, 1314 
1297, 1327, 1262, 1314 
1297, 1327, 1262, 1314 
1297, 1327, 1262, 1314 
1297, 1327, 1262, 1314 
1297, 1327, 1262, 1314 
1297, 1327, 1262, 1314 8, 1351, 1407 
1384, 1418, 1351, 1407 
1384, 1418, 1351, 1407 
1384, 1418, 1351, 1407 
1384, 1418, 1351, 1407 
1475, 1418, 1440, 1407 
1475, 1418, 1440, 1407 
1475, 1418, 1440, 1407 
1475, 1418, 1440, 1407 
1475, 1418, 1440, 1407 
1475, 1418, 1440, 1407 
1475, 1418, 1440, 1407 
1475, 1418, 1440, 1407 
1475, 1418, 1440, 1407 
1475, 1418, 1440, 1407 3, 1516, 1573 
1555, 1583, 1516, 1573 
1555, 1583, 1516, 1573 
1555, 1583, 1516, 1573 
1555, 1583, 1516, 1573 
1555, 1583, 1516, 1573 
1555, 1583, 1516, 1573 
1555, 1583, 1516, 1573 
1555, 1583, 1516, 1573 
1555, 1583, 1516, 1573 
1555, 1583, 1516, 1573 
1555, 1583, 1516, 1573 
1555, 1583, 1516, 1573 
1555, 1583, 1516, 1573 
1555, 1583, 1516, 1573 7, 1689, 1667 
1726, 1677, 1689, 1667 
1726, 1677, 1689, 1667 
1726, 1677, 1689, 1667 
1726, 1752, 1689, 1746 
1726, 1752, 1689, 1746 
1726, 1752, 1689, 1746 
1726, 1752, 1689, 1746 
1726, 1752, 1689, 1746 
1726, 1752, 1689, 1746 
1726, 1752, 1689, 1746 
1726, 1752, 1689, 1746 
1726, 1752, 1689, 1746 
1726, 1752, 1689, 1746 
1726, 1752, 1689, 1746 0, 1770, 1827 
1807, 1830, 1770, 1827 
1807, 1830, 1770, 1827 
1807, 1830, 1770, 1827 
1807, 1830, 1770, 1827 
1807, 1830, 1770, 1827 
1807, 1830, 1770, 1827 
1807, 1830, 1770, 1827 
1893, 1830, 1856, 1827 
1893, 1830, 1856, 1827 
1893, 1830, 1856, 1827 
1893, 1830, 1856, 1827 
1893, 1830, 1856, 1827 
1893, 1830, 1856, 1827 
1893, 1830, 1856, 1827 3, 1934, 1988 
1972, 1993, 1934, 1988 
1972, 1993, 1934, 1988 
1972, 1993, 1934, 1988 
1972, 1993, 1934, 1988 
1972, 1993, 1934, 1988 
1972, 1993, 1934, 1988 
1972, 1993, 1934, 1988 
1972, 1993, 1934, 1988 
1972, 1993, 1934, 1988 
1972, 1993, 1934, 1988 
1972, 1993, 1934, 1988 
1972, 1993, 1934, 1988 
1972, 1993, 1934, 1988 
1972, 1993, 1934, 1988 3, 2099, 2160 
2133, 2163, 2099, 2160 
2133, 2163, 2099, 2160 
2133, 2163, 2099, 2160 
2133, 2163, 2099, 2160 
2133, 2163, 2099, 2160 
2133, 2163, 2099, 2160 
2133, 2163, 2099, 2160 
2133, 2163, 2099, 2160 
2133, 2163, 2099, 2160 
2133, 2163, 2099, 2160 
2133, 2163, 2099, 2160 
2133, 2163, 2099, 2160 
2133, 2163, 2099, 2160 
2133, 2163, 2099, 2160 7, 2253, 2316 
2285, 2317, 2253, 2316 
2285, 2317, 2253, 2316 
2285, 2317, 2253, 2316 
2359, 22, 2997, 3053 
3025, 3052, 2997, 3053 
3025, 3052, 29976, 3071, 3129 
3099, 3126, 3071, 3129 
3099, 3126, 3071, 3129 
3099, 3126, 3071, 3129 
3099, 3126, 3071, 3129 
3099, 3126, 3071, 3129 
3099, 3126, 3071, 3129 
3099, 3126, 3071, 3129 
3099, 3126, 3071, 3129 
3099, 3126, 3071, 3129 
3099, 3126, 3071, 3129 
3099, 3126, 3071, 3129 
3099, 3126, 3071, 3129 
3099, 3126, 3071, 3129 
3099, 3126, 3071, 3129 2, 3164, 3226 
3193, 3222, 3164, 3226 
3193, 3222, 3164, 3226 
3193, 3222, 3164, 3226 
3193, 3222, 3164, 3226 
3265, 3222, 3240, 3226 
3265, 3222, 3240, 3226 
3265, 3222, 3240, 3226 
3265, 3222, 3240, 3226 
3265, 3222, 3240, 3226 
3265, 3222, 3240, 3226 
3265, 3222, 3240, 3226 
3265, 3222, 3240, 3226 
3265, 3222, 3240, 3226 
3265, 3222, 3240, 3226 6, 3316, 3299 
3338, 3371, 3316, 3374 
3338, 3371, 3316, 3374 
3338, 3371, 3316, 3374 
3338, 3371, 3316, 3374 
3338, 3371, 3316, 3374 
3338, 3371, 3316, 3374 
3338, 3371, 3316, 3374 
3338, 3371, 3316, 3374 
3338, 3371, 3316, 3374 
3338, 3371, 3316, 3374 
3338, 3371, 3316, 3374 
3338, 3371, 3316, 3374 
3338, 3371, 3316, 3374 
3338, 3371, 3316, 3374 1, 3316, 3374 
3338, 3371, 3316, 3374 
3338, 3371, 3316, 3374 
3338, 3371, 3316, 3374 
3338, 3371, 3316, 3374 
3338, 3371, 3316, 3374 
3338, 3371, 3316, 3374 
3338, 3371, 3316, 3374 
3338, 3371, 3316, 3374 
3338, 3371, 3316, 3374 
3338, 3371, 3316, 3374 
3418, 3371, 3396, 3374 
3418, 3371, 3396, 3374 
3418, 3371, 3396, 3374 
3418, 3371, 3396, 3374 
3418, 3371, 3396, 3374 
3418, 3371, 3396, 3374 
3418, 3371, 3396, 3374 
3418, 3371, 3396, 3374 
3418, 3371, 3396, 3374 
3418, 3371, 3396, 3374 
3418, 3371, 3396, 3374 
3418, 3371, 3396, 3374 
3418, 3371, 3396, 3374 
3418, 3371, 3396, 3374 
3418, 3462, 3396, 3468 
3418, 3462, 3396, 3468 
3418, 3462, 3396, 3468 
3418, 3462, 3396, 3468 
3418, 3462, 3396, 3468 
3418, 3462, 3396, 3468 
3418, 3462, 3396, 3468 
3418, 3462, 3396, 3468 
3418, 3462, 3396, 3468 
3418, 3462, 3396, 3468 
3418, 3462, 3396, 3468 
3418, 3462, 3396, 3468 
3418, 3462, 3396, 3468 
3418, 3462, 3396, 3468 
3418, 3462, 3396, 3468 
3418, 3462, 3396, 3468 
3418, 3462, 3396, 3468 
3418, 3462, 3396, 3468 
3418, 3462, 3396, 3468 
3418, 3462, 3396, 3468 
3418, 3462, 3396, 3468 
3418, 3462, 3396, 3468 
3418, 3462, 3396, 3468 
3418, 3462, 3396, 3468 
3418, 3462, 3396, 3468 
3418, 3462, 3396, 3468 
3418, 3462, 3396, 3468 
3418, 3462, 3396, 3468 
3418, 3462, 3396, 3468 
3418, 3462, 3396, 3468 
3418, 3462, 3396, 3468 
3418, 3462, 3396, 3468 
3418, 3462, 3396, 3468 
3418, 3462, 3396, 3468 
3418, 3462, 3396, 3468 
3497, 3462, 3476, 3468 
3497, 3462, 3476, 3468 
3497, 3462, 3476, 3468 
3497, 3462, 3476, 3468 
3497, 3462, 3476, 3468 
3497, 3462, 3476, 3468 
3497, 3462, 3476, 3468 
3497, 3462, 3476, 3468 
3497, 3462, 3476, 3468 
3497, 3462, 3476, 3468 
3497, 3534, 3476, 3538 
3497, 3534, 3476, 3538 
3497, 3534, 3476, 3538 
3497, 3534, 3476, 3538 
3497, 3534, 3476, 3538 
3497, 3534, 3476, 3538 
3497, 3534, 3476, 3538 
3497, 3534, 3476, 3538 
3497, 3534, 3476, 3538 
3497, 3534, 3476, 3538 
3497, 3534, 3476, 3538 
3497, 3534, 3476, 3538 
3497, 3534, 3476, 3538 
3497, 3534, 3476, 3538 
3497, 3534, 3476, 3538 
3497, 3534, 3476, 3538 
3497, 3534, 3476, 3538 
3497, 3534, 3476, 3538 
3497, 3534, 3476, 3538 
3497, 3534, 3476, 3538 
3497, 3534, 3476, 3538 
3497, 3534, 3476, 3538 
3497, 3534, 3476, 3538 
3497, 3534, 3476, 3538 
3497, 3534, 3476, 3538 
3497, 3534, 3476, 3538 
3497, 3534, 3476, 3538 
3497, 3534, 3476, 3538 
3497, 3534, 3476, 3538 
3497, 3534, 3476, 3538 
3497, 3534, 3476, 3538 
3497, 3534, 3476, 3538 
3497, 3534, 3476, 3538 
3497, 3534, 3476, 3538 
3497, 3534, 3476, 3538 
3497, 3534, 3476, 3538 
3497, 3534, 3476, 3538 
3497, 3534, 3476, 3538 
3572, 3534, 3553, 3538 
3572, 3534, 3553, 3538 
3572, 3534, 3553, 3538 
3572, 3534, 3553, 3538 
3572, 3534, 3553, 3538 
3572, 3534, 3553, 3538 
3572, 3534, 3553, 3538 
3572, 3534, 3553, 3538 
3572, 3534, 3553, 3538 
3572, 3612, 3553, 3616 
3572, 3612, 3553, 3616 
3572, 3612, 3553, 3616 
3572, 3612, 3553, 3616 
3572, 3612, 3553, 3616 
3572, 3612, 3553, 3616 
3572, 3612, 3553, 3616 
3572, 3612, 3553, 3616 
3572, 3612, 3553, 3616 
3572, 3612, 3553, 3616 
3572, 3612, 3553, 3616 
3572, 3612, 3553, 3616 
3572, 3612, 3553, 3616 
3572, 3612, 3553, 3616 
3572, 3612, 3553, 3616 
3572, 3612, 3553, 3616 
3572, 3612, 3553, 3616 
3572, 3612, 3553, 3616 
3572, 3612, 3553, 3616 
3572, 3612, 3553, 3616 
3572, 3612, 3553, 3616 
3572, 3612, 3553, 3616 
3572, 3612, 3553, 3616 
3572, 3612, 3553, 3616 
3572, 3612, 3553, 3616 
3572, 3612, 3553, 3616 
3572, 3612, 3553, 3616 
3572, 3612, 3553, 3616 
3572, 3612, 3553, 3616 
3572, 3612, 3553, 3616 
3572, 3612, 3553, 3616 
3572, 3612, 3553, 3616 
3572, 3612, 3553, 3616 
3572, 3612, 3553, 3616 
3572, 3612, 3553, 3616 
3572, 3612, 3553, 3616 
3572, 3612, 3553, 3616 
3572, 3612, 3553, 3616 
3572, 3612, 3553, 3616 
3572, 3612, 3553, 3616 
3648, 3612, 3627, 3616 
3648, 3612, 3627, 3616 
3648, 3612, 3627, 3616 
3648, 3612, 3627, 3616 
3648, 3612, 3627, 3616 
3648, 3612, 3627, 3616 
3648, 3612, 3627, 3616 
3648, 3612, 3627, 3616 
3648, 3612, 3627, 3616 
3648, 3612, 3627, 3616 