6 
104, -73, -103, 86 
104, -73, -103, 86 
104, -73, -1-268, -267, 258 
253, -268, -267, 258 
253, -268, -267, 258 
253, -268, -267, 258 
253, -268, -267, 258 
253, -268, -267, 258 
253, -268, -267, 258 
253, -268, -267, 258 
253, -268, -267, 258 
253, -268, -267, 258 
253, -268, -267, 258 
253, -268, -267, 258 
253, -268, -267, 258 
253, -268, -267, 258 
253, -268, -267, 258 
253, -268, -267, 258 
253-325, -325, 312 
311, -325, -325, 312 
311, -325, -325, 312 
311, -325, -325, 312 
311, -325, -325, 312 
311, -325, -325, 312 
311, -325, -325, 312 
311, -325, -325, 312 
311, -325, -325, 312 
311, -325, -325, 312 
311, -325, -325, 312 
311, -325, -325, 312 
311, -325, -325, 312 
311, -325, -325, 312 
311, -325, -325, 312 
311, -325, -325, 312 
311-387, -384, 369 
371, -387, -384, 369 
371, -387, -384, 369 
371, -387, -384, 369 
371, -387, -384, 369 
371, -387, -384, 369 
371, -387, -384, 369 
371, -387, -384, 369 
371, -387, -384, 369 
371, -387, -384, 369 
371, -387, -384, 369 
371, -387, -384, 369 
371, -387, -384, 369 
371, -387, -384, 369 
371, -387, -384, 369 
371, -387, -384, 369 
371-455, -448, 439 
436, -455, -448, 439 
436, -455, -448, 439 
436, -455, -448, 439 
507, -455, -520, 439 
507, -455, -520, 439 
507, -455, -520, 439 
507, -455, -520, 439 
507, -455, -520, 439 
507, -455, -520, 439 
507, -455, -520, 439 
507, -455, -520, 439 
507, -455, -520, 439 
507, -518, -520, 500 
507, -518, -520, 500 
507, -518, -520, 500 
507-591, -660, 568 
650, -591, -660, 568 
650, -591, -660, 568 
650, -591, -660, 568 
650, -591, -660, 568 
650, -591, -660, 568 
650, -591, -660, 568 
650, -591, -660, 568 
650, -654, -660, 633 
650, -654, -660, 633 
650, -654, -660, 633 
650, -654, -660, 633 
650, -654, -660, 633 
650, -654, -660, 633 
650, -654, -660, 633 
650, -654, -660, 633 
650 -793, 762 
780, -779, -793, 762 
780, -779, -793, 762 
780, -779, -793, 762 
780, -779, -793, 762 
780, -779, -793, 762 
780, -779, -793, 762 
780, -779, -793, 762 
780, -779, -793, 762 
780, -779, -793, 762 
780, -779, -793, 762 
780, -779, -793, 762 
780, -779, -793, 762 
780, -779, -793, 762 
780, -779, -793, 762 
780, -779, -793, 762 
780, -77-860, -874, 844 
860, -860, -874, 844 
860, -860, -874, 844 
860, -860, -874, 844 
860, -860, -874, 844 
860, -860, -874, 844 
860, -860, -874, 844 
860, -860, -874, 844 
860, -860, -874, 844 
860, -860, -874, 844 
860, -860, -874, 844 
860, -860, -874, 844 
860, -860, -874, 844 
929, -860, -943, 844 
929, -860, -943, 844 
929, -860, -943, 844 
929, -860, -943, 844 
929, -860, -943, 844 
929, -860, -943, 844 
929, -860, -943, 844 
929, -860, -943, 844 
929, -860, -943, 844 
929, -860, -943, 844 
929, -928, -943, 915 
929, -928, -943, 915 
929, -928, -943, 915 
929, -928, -943, 915 
929, -928, -943, 915 
929, -928, -943, 915 
929, -928, -943, 915 
929, -928, -943, 915 
929, -928, -943, 915 
929, -928, -943, 915 
929, -928, -943, 915 
929, -928, -943, 915 
929, -928, -943, 915 
929, -928, -943, 915 
929, -928, -943, 915 
929, -928, -943, 915 
929, -928, -943, 915 
929, -928, -943, 915 
929, -928, -943, 915 
929, -928, -943, 915 
929, -928, -943, 915 
929, -928, -943, 915 
929, -928, -943, 915 
929, -928, -943, 915 
929, -928, -943, 915 
929, -928, -943, 915 
929, -928, -943, 915 
929, -928, -943, 915 
929, -928, -943, 915 
929, -928, -943, 915 
929, -928, -943, 915 
929, -928, -943, 915 
929, -928, -943, 915 
929, -928, -943, 915 
929, -928, -943, 915 
929, -928, -943, 915 
929, -928, -943, 915 
929, -928, -943, 915 
929, -928, -943, 915 
929, -928, -943, 915 
929, -928, -943, 915 
929, -928, -943, 915 
929, -928, -943, 915 
929, -928, -943, 915 
929, -928, -943, 915 
929, -928, -943, 915 
929, -928, -943, 915 
929, -928, -943, 915 
929, -928, -943, 915 
929, -928, -943, 915 
929, -928, -943, 915 
1007, -928, -1024, 915 
1007, -928, -1024, 915 
1007, -928, -1024, 915 
1007, -928, -1024, 915 
1007, -928, -1024, 915 
1007, -928, -1024, 915 
1007, -928, -1024, 915 
1007, -928, -1024, 915 
1007, -928, -1024, 915 
1007, -928, -1024, 915 
1007, -1005, -1024, 989 
1007, -1005, -1024, 989 
1007, -1005, -1024, 989 
1007, -1005, -1024, 989 
1007, -1005, -1024, 989 
1007, -1005, -1024, 989 
1007, -1005, -1024, 989 
1007, -1005, -1024, 989 
1007, -1005, -1024, 989 
1007, -1005, -1024, 989 
1007, -1005, -1024, 989 
1007, -1005, -1024, 989 
1007, -1005, -1024, 989 
1007, -1005, -1024, 989 
1007, -1005, -1024, 989 
1007, -1005, -1024, 989 
1007, -1005, -1024, 989 
1007, -1005, -1024, 989 
1007, -1005, -1024, 989 
1007, -1005, -1024, 989 
1007, -1005, -1024, 989 
1007, -1005, -1024, 989 
1007, -1005, -1024, 989 
1007, -1005, -1024, 989 
1007, -1005, -1024, 989 
1007, -1005, -1024, 989 
1007, -1005, -1024, 989 
1007, -1005, -1024, 989 
1007, -1005, -1024, 989 
1007, -1005, -1024, 989 
1007, -1005, -1024, 989 
1007, -1005, -1024, 989 
1007, -1005, -1024, 989 
1007, -1005, -1024, 989 
1007, -1005, -1024, 989 
1007, -1005, -1024, 989 
1007, -1005, -1024, 989 
1007, -1005, -1024, 989 
1007, -1005, -1024, 989 
1007, -1005, -1024, 989 
1074, -1005, -1088, 989 
1074, -1005, -1088, 989 
1074, -1005, -1088, 989 
1074, -1005, -1088, 989 
1074, -1005, -1088, 989 
1074, -1005, -1088, 989 
1074, -1005, -1088, 989 
1074, -1005, -1088, 989 
1074, -1073, -1088, 1055 
1074, -1073, -1088, 1055 
1074, -1073, -1088, 1055 
1074, -1073, -1088, 1055 
1074, -1073, -1088, 1055 
1074, -1073, -1088, 1055 
1074, -1073, -1088, 1055 
1074, -1073, -1088, 1055 
1074, -1073, -1088, 1055 
1074, -1073, -1088, 1055 
1074, -1073, -1088, 1055 
1074, -1073, -1088, 1055 
1074, -1073, -1088, 1055 
1074, -1073, -1088, 1055 
1074, -1073, -1088, 1055 
1074, -1073, -1088, 1055 
1074, -1073, -1088, 1055 
1074, -1073, -1088, 1055 
1074, -1073, -1088, 1055 
1074, -1073, -1088, 1055 
1074, -1073, -1088, 1055 
1074, -1073, -1088, 1055 
1074, -1073, -1088, 1055 
1074, -1073, -1088, 1055 
1074, -1073, -1088, 1055 
1074, -1073, -1088, 1055 
1074, -1073, -1088, 1055 
1074, -1073, -1088, 1055 
1074, -1073, -1088, 1055 
1074, -1073, -1088, 1055 
1074, -1073, -1088, 1055 
1074, -1073, -1088, 1055 
1074, -1073, -1088, 1055 
1074, -1073, -1088, 1055 
1074, -1073, -1088, 1055 
1074, -1073, -1088, 1055 
6, -9, -60, 12 
46, -9, -60, 12 
46, -9, -60, 12 
46, -, -86, 96 
70, -84, -86, 96 
70, -84, -86, 96 
70, -84, -86, 96 
70, -84, -86, 96 
70, -84, -86, 96 
70, -84, -86, 96 
70, -84, -86, 96 
70, -84, -86, 96 
70, -84, -86, 96 
70, -84, -86, 96 
70, -84, -86, 96 
70, -84, -86, 96 
70, -84, -86, 96 
70, -84, -86, 96 
70, -84, -86, 96 
70, -84, -86, 96 
70, -84, -86, 96 
70, -84, -86, 96 
70, -84, -86, 9, -125, -115, 131 
98, -125, -115, 131 
98, -125, -115, 131 
148, -125, -158, 131 
148, -125, -158, 131 
148, -125, -158, 131 
148, -125, -158, 131 
148, -125, -158, 131 
148, -125, -158, 131 
148, -125, -158, 131 
148, -125, -158, 131 
148, -125, -158, 131 
148, -125, -158, 131 
148, -125, -158, 131 
148, -125, -158, 131 
148, -125, -158, 131 
148-237, -215, 232 
207, -237, -215, 232 
207, -237, -215, 232 
207, -237, -215, 232 
207, -237, -215, 232 
207, -237, -215, 232 
207, -237, -215, 232 
207, -237, -215, 232 
207, -237, -215, 232 
207, -237, -215, 232 
207, -237, -215, 232 
207, -237, -215, 232 
207, -237, -215, 232 
207, -237, -215, 232 
207, -237, -215, 232 
207, -237, -215, 232 
207-433, -405, 418 
398, -433, -405, 418 
398, -433, -405, 418 
398, -433, -405, 418 
398, -433, -405, 418 
398, -433, -405, 418 
398, -433, -405, 418 
398, -433, -405, 418 
398, -433, -405, 418 
398, -433, -405, 418 
398, -433, -405, 418 
398, -433, -405, 418 
398, -433, -405, 418 
398, -433, -405, 418 
398, -433, -405, 418 
398, -433, -405, 418 
398-583, -553, 567 
551, -583, -553, 567 
551, -583, -553, 567 
551, -583, -553, 567 
551, -583, -553, 567 
551, -583, -553, 567 
551, -583, -553, 567 
551, -583, -553, 567 
551, -583, -553, 567 
551, -583, -553, 567 
551, -583, -553, 567 
551, -583, -553, 567 
551, -583, -553, 567 
551, -583, -553, 567 
551, -583, -553, 567 
551, -583, -553, 567 
551-724, -696, 708 
690, -724, -696, 708 
690, -724, -696, 708 
690, -724, -696, 708 
690, -724, -696, 708 
690, -724, -696, 708 
690, -724, -696, 708 
690, -724, -696, 708 
690, -724, -696, 708 
690, -724, -696, 708 
690, -724, -696, 708 
690, -724, -696, 708 
690, -724, -696, 708 
690, -724, -696, 708 
690, -724, -696, 708 
690, -724, -696, 708 
6901 
772, -809, -777, 791 
772, -809, -777, 791 
772, -809, -777, 791 
772, -809, -777, 791 
772, -809, -777, 791 
772, -809, -777, 791 
772, -809, -777, 791 
772, -809, -777, 791 
772, -809, -777, 791 
772, -809, -777, 791 
772, -809, -777, 791 
772, -809, -777, 791 
772, -809, -777, 791 
772, -809, -777, 791 
772, -809, -777, 791 
772, -809, -777, 40, -882, -850, 863 
923, -882, -934, 863 
923, -882, -934, 863 
923, -882, -934, 863 
923, -882, -934, 863 
923, -882, -934, 863 
923, -882, -934, 863 
923, -882, -934, 863 
923, -882, -934, 863 
923, -882, -934, 863 
923, -882, -934, 863 
923, -882, -934, 863 
923, -882, -934, 863 
923, -882, -934, 863 
923, -882, -934, 863 
923, -882, -934, 863  -1051, -1088, 1025 
1075, -1051, -1088, 1025 
1075, -1051, -1088, 1025 
1075, -1051, -1088, 1025 
1075, -1051, -1088, 1025 
1075, -1051, -1088, 1025 
1075, -1051, -1088, 1025 
1075, -1051, -1088, 1025 
1075, -1051, -1088, 1025 
1075, -1126, -1088, 1099 
1075, -1126, -1088, 1099 
1075, -1126, -1088, 1099 
1075, -1126, -1088, 1099 
1075, -1126, -108 -1204, -1160, 1176 
1148, -1204, -1160, 1176 
1148, -1204, -1160, 1176 
1148, -1204, -1160, 1176 
1148, -1204, -1160, 1176 
1148, -1204, -1160, 1176 
1148, -1204, -1160, 1176 
1148, -1204, -1160, 1176 
1148, -1204, -1160, 1176 
1148, -1204, -1160, 1176 
1148, -1204, -1160, 1176 
1148, -1204, -1160, 1176 
1148, -1204, -1160, 1176 
1148, -1204, -116 -1351, -1297, 1316 
1288, -1351, -1297, 1316 
1288, -1351, -1297, 1316 
1288, -1351, -1297, 1316 
1288, -1351, -1297, 1316 
1288, -1351, -1297, 1316 
1288, -1351, -1297, 1316 
1288, -1351, -1297, 1316 
1288, -1351, -1297, 1316 
1288, -1351, -1297, 1316 
1288, -1351, -1297, 1316 
1288, -1351, -1297, 1316 
1288, -1351, -1297, 1316 
1288, -1351, -129 -1438, -1386, 1402 
1376, -1438, -1386, 1402 
1376, -1438, -1386, 1402 
1376, -1438, -1386, 1 -2120, -2049, 2076 
2050, -2120, -2049, 2076 
2050, -2 -2190, -2117, 2144 
2120, -2190, -2117, 2144 
2120, -2190, -2117, 2144 
2120, -2190, -2117, 2144 
2120, -2190, -2117, 2144 
2120, -2190, -2117, 2144 
2120, -2190, -2117, 2144 
2120, -2190, -2117, 2144 
2120, -2190, -2117, 2144 
2120, -2190, -2117, 2144 
2120, -2190, -2117, 2144 
2120, -2190, -2117, 2144 
2120, -2190, -2117, 2144 
2120, -2190, -211 -2274, -2200, 2228 
2199, -2274, -2200, 2228 
2199, -2274, -2200, 2228 
2199, -2274, -2200, 2228 
2199, -2274, -2200, 2228 
2199, -2274, -2200, 2228 
2269, -2274, -2267, 2228 
2269, -2274, -2267, 2228 
2269, -2274, -2267, 2228 
2269, -2274, -2267, 2228 
2269, -2274, -2267, 2228 
2269, -2274, -2267, 2228 
2269, -2274, -2267, 2228 
2269, -2274, -226 -2421, -2340, 2367 
2339, -2421, -2340, 2367 
2339, -2421, -2340, 2367 
2419, -2421, -2413, 2367 
2419, -2421, -2413, 2367 
2419, -2421, -2413, 2367 
2419, -2421, -2413, 2367 
2419, -2421, -2413, 2367 
2419, -2421, -2413, 2367 
2419, -2421, -2413, 2367 
2419, -2421, -2413, 2367 
2419, -2421, -2413, 2367 
2419, -2421, -2413, 2367 
2419, -2501, -241 -2569, -2483, 2508 
2487, -2569, -2483, 2508 
2487, -2569, -2483, 2508 
2487, -2569, -2483, 2508 
2487, -2569, -2483, 2508 
2487, -2569, -2483, 2508 
2487, -2569, -2483, 2508 
2487, -2569, -2483, 2508 
2487, -2569, -2483, 2508 
2487, -2569, -2483, 2508 
2487, -2569, -2483, 2508 
2487, -2569, -2483, 2508 
2487, -2569, -2483, 2508 
2487, -2569, -248 -2656, -2552, 2592 
2562, -2656, -2552, 2592 
2562, -2656, -2552, 2592 
2562, -2656, -2552, 2592 
2562, -2656, -2552, 2592 
2562, -2656, -2552, 2592 
2562, -2656, -2552, 2592 
2562, -2656, -2552, 2592 
2562, -2656, -2552, 2592 
2562, -2656, -2552, 2592 
2562, -2656, -2552, 2592 
2562, -2656, -2552, 2592 
2562, -2656, -2552, 2592 
2562, -2656, -255 -2656, -2552, 2592 
2562, -2656, -2552, 2592 
2562, -2656, -2552, 2592 
2562, -2656, -2552, 2592 
2562, -2656, -2552, 2592 
2562, -2656, -2552, 2592 
2643, -2656, -2635, 2592 
2643, -2656, -2635, 2592 
2643, -2656, -2635, 2592 
2643, -2656, -2635, 2592 
2643, -2656, -2635, 2592 
2643, -2656, -2635, 2592 
2643, -2656, -2635, 2592 
2643, -2656, -263 -2697, 2733 
2712, -2800, -2697, 2733 
2712, -2800, -2697, 2733 
2712, -2800, -2697, 2733 
2712, -2800, -2697, 2733 
2712, -2800, -2697, 2733 
2712, -2800, -2697, 2733 
2712, -2800, -2697, 2733 
2712, -2800, -2697, 2733 
2712, -2800, -2697, 2733 
2712, -2800, -2697, 2733 
2712, -2800, -2697, 2733 
2712, -2800, -2697, 2733 
2712, -2800, -2697, 2733 -2777, 2811 
2792, -2879, -2777, 2811 
2792, -2879, -2777, 2811 
2792, -2879, -2777, 2811 
2792, -2879, -2777, 2811 
2792, -2879, -2777, 2811 
2792, -2879, -2777, 2811 
2792, -2879, -2777, 2811 
2792, -2879, -2777, 2811 
2792, -2879, -2777, 2811 
2792, -2879, -2777, 2811 
2858, -2879, -2843, 2811 
2858, -2879, -2843, 2811 
2858, -2879, -2843, 28119, -8 
-14, -106, -39, -8 
-14, -106, -39, -8 
-14, -106, -39, -8 
-14, -106, -39, -8 
-14, -106, -39, -8 
-14, -106, -39, -8 
-14, -106, -39, -8 
-14, -106, -39, -8 
-14, -106, -39, -8 
-14, -106, -39, -8 
-14, -106, -39, -8 
-14, -106, -39, -8 
-14, -106, -39, -8 
-14, -106, -39, -8 
-14, -106, -39, -8 
-14, -106, -39, -8 
-14, -106, -39, -8 
-14138, -85, -60 
-24, -138, -85, -60 
-24, -138, -85, -60 
-24, -138, -85, -60 
-24, -138, -85, -60 
-24, -138, -85, -60 
-24, -138, -85, -60 
-24, -138, -85, -60 
-24, -138, -85, -60 
-24, -138, -85, -60 
-24, -138, -85, -60 
-24, -138, -85, -60 
-24, -138, -85, -60 
-24, -138, -85, -60 
-24, -138, -85, -60 
-24, -138, -85, -60 
-24, -138, -85, -60 
-81, -172, -171, -124 
-81, -172, -171, -124 
-81, -172, -171, -124 
-81, -172, -171, -124 
-81, -172, -171, -124 
-81, -172, -171, -124 
-81, -172, -171, -124 
-81, -172, -171, -124 
-81, -172, -171, -124 
-81, -220, -171, -194 
-81, -220, -171, -194 
-81, -220, -171, -194 
-81, -220, -171, -194 
-81, -220, -171, -194 
-81, -220, -171, -194 
-81,0, -240, -194 
-133, -220, -240, -194 
-133, -220, -240, -194 
-133, -220, -240, -194 
-133, -, -999, -924 
-899, -967, -999, -924 
-899, -1054, -999, -1009 
-899, -1054, -999, -1009 
-899, -1054, -999, -1009 
-899, -1054, -999, -1009 
-899, -1054, -999, -1009 
-899, -1054, -999, -1009 
-899, -1054, -999, -1009 
-899, -1054, -999, -1009 
-899, -1054, -999, -1009 
-899, -1054, -999, -1009 
-899, -1054, -999, -1009 
-899, -1054, -999, -1009 
-899, -1054, -999, -1009 
-899, -1054, -999, -1009 
-899, -1054, -999, -1009 
-899, -1054, -999, -1009 
-899, -1054, -999, -1009 
-899, -1054, -999, -1009 
-899, -1054, -999, -1009 
-899, -1054, -999, -1009 
-899, -1054, -999, -1009 
-899, -1054, -999, -1009 
-899, -1054, -999, -1009 
-899, -1054, -999, -1009 
-899, -1054, -999, -1009 
-899, -1054, -999, -1009 
-899, -1054, -999, -1009 
-899, -1054, -999, -1009 
-899, -1054, -999, -1009 
-899, -1054, -999, -1009 
-899, -1054, -999, -1009 
-899, -1054, -999, -1009 
-899, -1054, -999, -1009 
-899, -1054, -999, -1009 
-899, -1054, -999, -1009 
-899, -1054, -999, -1009 
-982, -1054, -1085, -1009 
-982, -1054, -1085, -1009 
-982, -1054, -1085, -1009 
-982, -1054, -1085, -1009 
-982, -1054, -1085, -1009 
-982, -1054, -1085, -1009 
-982, -1054, -1085, -1009 
-982, -1054, -1085, -1009 
-982, -1139, -1085, -1089 
-982, -1139, -1085, -1089 
-982, -1139, -1085, -1089 
-982, -1139, -1085, -1089 
-982, -1139, -1085, -1089 
-982, -1139, -1085, -1089 
-982, -1139, -1085, -1089 
-982, -1139, -1085, -1089 
-982, -1139, -1085, -1089 
-982, -1139, -1085, -1089 
-982, -1139, -1085, -1089 
-982, -1139, -1085, -1089 
-982, -1139, -1085, -1089 
-982, -1139, -1085, -1089 
-982, -1139, -1085, -1089 
-982, -1139, -1085, -1089 
-982, -1139, -1085, -1089 
-982, -1139, -1085, -1089 
-982, -1139, -1085, -1089 
-982, -1139, -1085, -1089 
-982, -1139, -1085, -1089 
-982, -1139, -1085, -1089 
-982, -1139, -1085, -1089 
-982, -1139, -1085, -1089 
-982, -1139, -1085, -1089 
-982, -1139, -1085, -1089 
-982, -1139, -1085, -1089 
-982, -1139, -1085, -1089 
-982, -1139, -1085, -1089 
-982, -1139, -1085, -1089 
-982, -1139, -1085, -1089 
-982, -1139, -1085, -1089 
-982, -1139, -1085, -1089 
-982, -1139, -1085, -1089 
-982, -1139, -1085, -1089 
-982, -1139, -1085, -1089 
-982, -1139, -1085, -1089 
-982, -1139, -1085, -1089 
-982, -1139, -1085, -1089 
-982, -1139, -1085, -1089 
-982, -1139, -1085, -1089 
-982, -1139, -1085, -1089 
-982, -1139, -1085, -1089 
-982, -1139, -1085, -1089 
-982, -1139, -1085, -1089 
-982, -1139, -1085, -1089 
-982, -1139, -1085, -1089 
-1075, -1139, -1180, -1089 
-1075, -1139, -1180, -1089 
-1075, -1139, -1180, -1089 
-1075, -1139, -1180, -1089 
-1075, -1139, -1180, -1089 
-1075, -1139, -1180, -1089 
-1075, -1139, -1180, -1089 
-1075, -1139, -1180, -1089 
-1075, -1139, -1180, -1089 
-1075, -1237, -1180, -1184 
-1075, -1237, -1180, -1184 
-1075, -1237, -1180, -1184 
-1075, -1237, -1180, -1184 
-1075, -1237, -1180, -1184 
-1075, -1237, -1180, -1184 
-1075, -1237, -1180, -1184 
-1075, -1237, -1180, -1184 
-1075, -1237, -1180, -1184 
-1075, -1237, -1180, -1184 
-1075, -1237, -1180, -1184 
-1075, -1237, -1180, -1184 
-1075, -1237, -1180, -1184 
-1075, -1237, -1180, -1184 
-1075, -1237, -1180, -1184 
-1075, -1237, -1180, -1184 
-1075, -1237, -1180, -1184 
-1075, -1237, -1180, -1184 
-1075, -1237, -1180, -1184 
-1075, -1237, -1180, -1184 
-1075, -1237, -1180, -1184 
-1075, -1237, -1180, -1184 
-1075, -1237, -1180, -1184 
-1075, -1237, -1180, -1184 
-1075, -1237, -1180, -1184 
-1075, -1237, -1180, -1184 
-1075, -1237, -1180, -1184 
-1075, -1237, -1180, -1184 
-1075, -1237, -1180, -1184 
-1075, -1237, -1180, -1184 
-1075, -1237, -1180, -1184 
-1075, -1237, -1180, -1184 
-1075, -1237, -1180, -1184 
-1075, -1237, -1180, -1184 
-1075, -1237, -1180, -1184 
-1075, -1237, -1180, -1184 
-1075, -1237, -1180, -1184 
-1075, -1237, -1180, -1184 
-1161, -1237, -1264, -1184 
-1161, -1237, -1264, -1184 
-1161, -1237, -1264, -1184 
-1161, -1237, -1264, -1184 
-1161, -1237, -1264, -1184 
-1161, -1237, -1264, -1184 
-1161, -1237, -1264, -1184 
-1161, -1237, -1264, -1184 
*************************
0, 0, 0, 0 
0, 0, 0, 0 
0, 0, 0, 0 
0, 0, 0, 0 
0, 0, 0, 0 
0, 0, 0, 0 
0, 0, 0, 0 
0, 0, 0, 0 
0, 0, 0, 0 
0, 0, 0, 0 
3, -296, -302 
-214, -253, -296, -302 
-214, -253, -2962, -450, -449 
-366, -402, -450, -449 
-366, -402, -450, -449 
-366, -402, -450, -449 
-366, -402, -450, -449 
-366, -402, -450, -449 
-366, -402, -450, -449 
-366, -402, -450, -449 
-366, -402, -450, -449 
-366, -402, -450, -449 
-366, -402, -450, -449 
-366, -402, -450, -449 
-366, -402, -450, -449 
-366, -402, -450, -449 
-366, -402, -450, -449 7, -622, -621 
-542, -577, -622, -621 
-542, -577, -622, -621 
-542, -577, -622, -621 
-542, -577, -622, -621 
-542, -577, -622, -621 
-542, -577, -622, -621 
-542, -577, -622, -621 
-542, -577, -622, -621 
-542, -577, -622, -621 
-542, -577, -622, -621 
-542, -577, -622, -621 
-542, -577, -622, -621 
-542, -577, -622, -621 
-542, -577, -622, -621 
-818, -853, -891, -892 
-818, -853, -891, -892 
-818, -853, -891, -892 
-818, -853, -891, -892 
-818, -853, -891, -892 
-818, -853, -891, -892 
-818, -853, -891, -892 
-818, -853, -891, -892 
-818, -853, -891, -892 
-818, -853, -891, -892 
-818, -853, -891, -892 
-818, -853, -891, -892 
-818, -853, -891, -892 
-818, -853, -891, -892 
-818, -853, -2, -935, -978, -972 
-902, -935, -978, -972 
-902, -935, -978, -972 
-902, -935, -978, -972 
-902, -935, -978, -972 
-999, -935, -1075, -972 
-999, -935, -1075, -972 
-999, -935, -1075, -972 
-999, -935, -1075, -972 
-999, -935, -1075, -972 
-999, -935, -1075, -972 
-999, -935, -1075, -972 
-999, -935, -1075, -972 
-999, -935, -1075, -972 
-999, -9, -1123, -1152, -1156 
-1079, -1123, -1152, -1156 
-1079, -1123, -1152, -1156 
-1079, -1123, -1152, -1156 
-1079, -1123, -1152, -1156 
-1079, -1123, -1152, -1156 
-1079, -1123, -1152, -1156 
-1079, -1123, -1152, -1156 
-1079, -1123, -1152, -1156 
-1079, -1123, -1152, -1156 
-1079, -1123, -1152, -1156 
-1079, -1123, -1152, -1156 
-1079, -1123, -1152, -1297, -1336, -1327 
-1260, -1297, -1336, -1327 
-1260, -1297, -1336, -1327 
-1260, -1297, -1336, -1327 
-1260, -1297, -1336, -1327 
-1260, -1297, -1336, -1327 
-1260, -1297, -1336, -1327 
-1260, -1297, -1336, -1327 
-1260, -1297, -1336, -1327 
-1260, -1297, -1336, -1327 
-1260, -1297, -1336, -1327 
-1260, -1297, -1336, -1327 
-1260, -1297, -1336, -1376, -1415, -1406 
-1341, -1376, -1415, -1406 
-1341, -1376, -1415, -1406 
-1341, -1376, -1415, -1406 
-1341, -1376, -1415, -1406 
-1341, -1376, -1415, -1406 
-1341, -1376, -1415, -1406 
-1341, -1376, -1415, -1406 
-1341, -1376, -1415, -1406 
-1341, -1376, -1415, -1406 
-1341, -1376, -1415, -1406 
-1341, -1376, -1415, -1406 
-1341, -1376, -1415, -1467, -1504, -1496 
-1434, -1467, -1504, -1496 
-1434, -1467, -1504, -1496 
-1434, -1467, -1504, -1496 
-1434, -1467, -1504, -1496 
-1434, -1467, -1504, -1496 
-1434, -1467, -1504, -1496 
-1434, -1467, -1504, -1496 
-1513, -1467, -1584, -1496 
-1513, -1467, -1584, -1496 
-1513, -1467, -1584, -1496 
-1513, -1467, -1584, -1496 
-1513, -1467, -1584, -1546, -1584, -1577 
-1513, -1546, -1584, -1577 
-1513, -1546, -1584, -1577 
-1513, -1546, -1584, -1577 
-1616, -1546, -1687, -1577 
-1616, -1546, -1687, -1577 
-1616, -1546, -1687, -1577 
-1616, -1546, -1687, -1577 
-1616, -1546, -1687, -1577 
-1616, -1546, -1687, -1577 
-1616, -1546, -1687, -1577 
-1616, -1546, -1687, -1577 
-1616, -1650, -1687, -1728, -1764, -1755 
-1695, -1728, -1764, -1755 
-1695, -1728, -1764, -1755 
-1695, -1728, -1764, -1755 
-1695, -1728, -1764, -1755 
-1695, -1728, -1764, -1755 
-1695, -1728, -1764, -1755 
-1695, -1728, -1764, -1755 
-1695, -1728, -1764, -1755 
-1695, -1728, -1764, -1755 
-1695, -1728, -1764, -1755 
-1695, -1728, -1764, -1755 
-1695, -1728, -1764, -1807, -1844, -1826 
-1778, -1807, -1844, -1826 
-1778, -1807, -1844, -1826 
-1778, -1807, -1844, -1826 
-1778, -1807, -1844, -1826 
-1778, -1807, -1844, -1826 
-1778, -1807, -1844, -1826 
-1778, -1807, -1844, -1826 
-1778, -1807, -1844, -1826 
-1778, -1807, -1844, -1826 
-1778, -1807, -1844, -1826 
-1778, -1807, -1844, -1826 
-1778, -1807, -1844, -1885, -1922, -1897 
-1854, -1885, -1922, -1897 
-1854, -1885, -1922, -1897 
-1854, -1885, -, -2777, -2824, -2797 
-2766, -2777, -2824, -2797 
-276, -2850, -2971, -2871 
-2926, -2850, -2971, -2871 
-2926, -2850, -2971, -2871 
-2926, -2850, -2971, -2871 
-2926, -2850, -2971, -2871 
-2926, -2850, -2971, -2871 
-2926, -2850, -2971, -2871 
-2926, -2850, -2971, -2871 
-2926, -2850, -2971, -2871 
-2926, -2850, -2971, -2871 
-2926, -2850, -2971, -2871 
-2926, -2850, -2971, -2871 
-2926, -2850, -2971, -2922, -3064, -2946 
-3025, -2922, -3064, -2946 
-3025, -2922, -3064, -2946 
-3025, -2922, -3064, -2946 
-3025, -3011, -3064, -3036 
-3025, -3011, -3064, -3036 
-3025, -3011, -3064, -3036 
-3025, -3011, -3064, -3036 
-3025, -3011, -3064, -3036 
-3025, -3011, -3064, -3036 
-3025, -3011, -3064, -3036 
-3025, -3011, -3064, -3036 
-3025, -3011, -3064, -3095, -3221, -3117 
-3186, -3095, -3221, -3117 
-3186, -3095, -3221, -3117 
-3186, -3095, -3221, -3117 
-3186, -3095, -3221, -3117 
-3186, -3174, -3221, -3194 
-3186, -3174, -3221, -3194 
-3186, -3174, -3221, -3194 
-3186, -3174, -3221, -3194 
-3186, -3174, -3221, -3194 
-3186, -3174, -3221, -3194 
-3186, -3174, -3221, -3194 
-3186, -3174, -3221, -3257, -3299, -3277 
-3265, -3257, -3299, -3277 
-3265, -3257, -3299, -3277 
-3265, -3257, -3299, -3277 
-3265, -3257, -3299, -3277 
-3265, -3257, -3299, -3277 
-3265, -3257, -3299, -3277 
-3265, -3257, -3299, -3277 
-3265, -3257, -3299, -3277 
-3265, -3257, -3299, -3277 
-3265, -3257, -3299, -3277 
-3265, -3257, -3299, -3277 
-3265, -3257, -3299, -3336, -3375, -3358 
-3343, -3336, -3375, -3358 
-3343, -3336, -3375, -3358 
-3343, -3336, -3375, -3358 
-3343, -3336, -3375, -3358 
-3343, -3336, -3375, -3358 
-3343, -3336, -3375, -3358 
-3343, -3336, -3375, -3358 
-3343, -3336, -3375, -3358 
-3343, -3336, -3375, -3358 
-3343, -3336, -3375, -3358 
-3343, -3336, -3375, -3358 
-3343, -3336, -3375, -3336, -3375, -3358 
-3343, -3336, -3375, -3358 
-3343, -3336, -3375, -3358 
-3343, -3336, -3375, -3358 
-3343, -3336, -3375, -3358 
-3343, -3336, -3375, -3358 
-3343, -3336, -3375, -3358 
-3437, -3336, -3471, -3358 
-3437, -3336, -3471, -3358 
-3437, -3336, -3471, -3358 
-3437, -3336, -3471, -3358 
-3437, -3336, -3471, -3358 
-3437, -3336, -3471-3434, -3471, -3451 
-3437, -3434, -3471, -3451 
-3437, -3434, -3471, -3451 
-3437, -3434, -3471, -3451 
-3437, -3434, -3471, -3451 
-3437, -3434, -3471, -3451 
-3437, -3434, -3471, -3451 
-3437, -3434, -3471, -3451 
-3437, -3434, -3471, -3451 
-3437, -3434, -3471, -3451 
-3437, -3434, -3471, -3451 
-3437, -3434, -3471, -3451 
-3437, -3434, -3471, -3586, -3510, -3622, -3525 
-3586, -3587, -3622, -3603 
-3586, -3587, -3622, -3603 
-3586, -3587, -3622, -3603 
-3586, -3587, -3622, -3603 
-3586, -3587, -3622, -3603 
-3586, -3587, -3622, -3603 
-3586, -3587, -3622, -3603 
-3586, -3587, -3622, -3603 
-3586, -3587, -3622, -3603 
-3586, -3587, -3622, -3603 
-3586, -3587, -3622, -3603 
-3586, -3587, , -11, -39, -25 
-17, -11, -39, -25 
-17, -11, -39, -25 
-17, -11, -39, -25 
-17, -11, -39, -25 
-17, -11, -39, -25 
-17, -11, -39, -25 
-17, -11, -39, -25 
-17, -11, -39, -25 
-17, -11, -39, -25 
-17, -11, -39, -25 
-17, -11, -39, -25 
-17, -11, -39, -25 
-17, -11, -39, -25 
-17, -11, -39, -25 
-17, -11, -39, -25 
-17, -11, -39, -25 
-17, -11, -3955, -30 
-13, -8, -55, -30 
27, -8, -49, -30 
27, -8, -49, -30 
27, -8, -49, -30 
27, -8, -49, -30 
27, -8, -49, -30 
27, -8, -49, -30 
27, -8, -49, -30 
27, -8, -49, -30 
27, -8, -49, -30 
27, -8, -49, -30 
27, -8, -49, -30 
27, -8, -49, -30 
27, -8, -49, -30 
27, 30, -49, -20 
27, 30, -49, -20 
27, 30, -49, -20 
27, 30, -49, -20 
27, 30, -49, -20-20 
65, 30, -20, -20 
65, 30, -20, -20 
65, 30, -20, -20 
65, 30, -20, -20 
65, 30, -20, -20 
65, 30, -20, -20 
65, 30, -20, -20 
65, 30, -20, -20 
65, 30, -20, -20 
65, 74, -20, 16 
65, 74, -20, 16 
65, 74, -20, 16 
65, 74, -20, 16 
65, 74, -20, 16 
65, 74, -20, 16 
65, 74, -20, 16 
65, 74, -20, 16 
65, 74, -20, 16 
65, 74, -20, 16 
65, 74, -20, 113, 125, 30, 66 
113, 125, 30, 66 
113, 125, 30, 66 
113, 125, 30, 66 
113, 125, 30, 66 
113,3, 1027, 1062 
1109, 1103, 1027, 1062 
1109, 1103, 10275, 1125, 1161 
1209, 1205, 1125, 1161 
1209, 1205, 1125, 1161 
1209, 1205, 1125, 1161 
1209, 1205, 1125, 1161 
1209, 1205, 1125, 1161 
1209, 1205, 1125, 1161 
1209, 1205, 1125, 1161 
1209, 1205, 1125, 1161 
1209, 1205, 1125, 1161 
1209, 1205, 1125, 1161 
1209, 1205, 1125, 1161 
1296, 1205, 1212, 1161 
1296, 1205, 1212, 1161 
1296, 1205, 1212, 1161 0, 1296, 1326 
1379, 1370, 1296, 1326 
1379, 1370, 1296, 1326 
1379, 1370, 1296, 1326 
1379, 1370, 1296, 1326 
1379, 1370, 1296, 1326 
1379, 1370, 1296, 1326 
1461, 1370, 1376, 1326 
1461, 1370, 1376, 1326 
1461, 1370, 1376, 1326 
1461, 1370, 1376, 1326 
1461, 1370, 1376, 1326 
1461, 1370, 1376, 1326 
1461, 1370, 1376, 1326 
1461, 1370, 1376, 1326 2, 1544, 1584 
1623, 1622, 1544, 1584 
1623, 1622, 1544, 1584 
1623, 1622, 1544, 1584 
1623, 1622, 1544, 1584 
1623, 1622, 1544, 1584 
1623, 1622, 1544, 1584 
1623, 1622, 1544, 1584 
1623, 1622, 1544, 1584 
1623, 1622, 1544, 1584 
1623, 1622, 1544, 1584 
1623, 1622, 1544, 1584 
1623, 1622, 1544, 1584 
1623, 1622, 1544, 1584 
1623, 1622, 1544, 1584 4, 1633, 1666 
1710, 1704, 1633, 1666 
1710, 1704, 1633, 1666 
1710, 1704, 1633, 1666 
1710, 1704, 1633, 1666 
1710, 1704, 1633, 1666 
1710, 1704, 1633, 1666 
1710, 1704, 1633, 1666 
1710, 1704, 1633, 1666 
1710, 1704, 1633, 1666 
1710, 1704, 1633, 1666 
1710, 1704, 1633, 1666 
1710, 1704, 1633, 1666 
1710, 1704, 1633, 1666 
1710, 1704, 1633, 1666 4, 1712, 1746 
1789, 1784, 1712, 1746 
1789, 1784, 1712, 1746 
1789, 1784, 1712, 1746 
1789, 1784, 1712, 1746 
1789, 1784, 1712, 1746 
1789, 1784, 1712, 1746 
1789, 1784, 1712, 1746 
1789, 1784, 1712, 1746 
1789, 1784, 1712, 1746 
1789, 1784, 1712, 1746 
1789, 1784, 1712, 1746 
1789, 1784, 1712, 1746 
1789, 1784, 1712, 1746 
1789, 1784, 1712, 1746 4, 1799, 1831 
1875, 1864, 1799, 1831 
1875, 1864, 1799, 1831 
1875, 1864, 1799, 1831 
1875, 1864, 1799, 1831 
1875, 1864, 1799, 1831 
1875, 1864, 1799, 1831 
1875, 1864, 1799, 1831 
1875, 1864, 1799, 1831 
1953, 1864, 1878, 1831 
1953, 1864, 1878, 1831 
1953, 1864, 1878, 1831 
1953, 1864, 1878, 1831 
1953, 1864, 1878, 1831 
1953, 1864, 1878, 1831 5, 1965, 1986 
2035, 2025, 1965, 1986 
2035, 2025, 1965, 1986 
2035, 2025, 1965, 1986 
2035, 2025, 1965, 1986 
2035, 2025, 1965, 1986 
2035, 2025, 1965, 1986 
2035, 2025, 1965, 1986 
2135, 2025, 2066, 1986 
2135, 2025, 2066, 1986 
2135, 2025, 2066, 1986 
2135, 2025, 2066, 1986 
2135, 2025, 2066, 1986 
2135, 2025, 2066, 1986 
2135, 2025, 2066, 1986 6, 2227, 2167 
2295, 2206, 2227, 2167 
2295, 2206, 2227, 2167 
2295, 2206, 2227, 2167 
2295, 2206, 2227, 2167 
2295, 2284, 2227, 2247 
2295, 2284, 2227, 2247 
2295, 2284, 2227, 2247 
2295, 2284, 2227, 2247 
2295, 2284, 2227, 2247 
2295, 2284, 2227, 2247 
2295, 2284, 2227, 2247 
2295, 2284, 2227, 2247 
2295, 2284, 2227, 2247 
2295, 2284, 2227, 2247 2, 2398, 2419 
2470, 2452, 2398, 2419 
2470, 2452, 2398, 2419 
2470, 2452, 2398, 2419 
2470, 2452, 2398, 2419 
2470, 2452, 2398, 2419 
2470, 2452, 2398, 2419 
2470, 2452, 2398, 2419 
2470, 2452, 2398, 2419 
2470, 2452, 2398, 2419 
2470, 2452, 2398, 2419 
2470, 2452, 2398, 2419 
2470, 2452, 2398, 2419 
2470, 2452, 2398, 2419 
2470, 2452, 2398, 2419 1, 2480, 2512 
2553, 2541, 2480, 2512 
2553, 2541, 2480, 2512 
2553, 2541, 2480, 2512 
2553, 2541, 2480, 2512 
2553, 2541, 2480, 2512 
2553, 2541, 2480, 2512 
2553, 2541, 2480, 2512 
2553, 2541, 2480, 2512 
2553, 2541, 2480, 2512 
2635, 2541, 2561, 2512 
2635, 2541, 2561, 2512 
2635, 2541, 2561, 2512 
2635, 2541, 2561, 2512 
2635, 2541, 2561, 2512 5, 2639, 2669 
2709, 2695, 2639, 2669 
2709, 2695, 2639, 2669 
2709, 2695, 2639, 2669 
2709, 2695, 2639, 2669 
2709, 2695, 2639, 2669 
2709, 2695, 2639, 2669 
2709, 2695, 2639, 2669 
2709, 2695, 2639, 2669 
2709, 2695, 2639, 2669 
2709, 2695, 2639, 2669 
2709, 2695, 2639, 2669 
2709, 2695, 2639, 2669 
2709, 2695, 2639, 2669 
2709, 2695, 2639, 2669 8, 2797, 2833 
2864, 2858, 2797, 2833 
2864, 2858, 2797, 2833 
2864, 2858, 2797, 2833 
2864, 24, 3282, 3323 
3355, 3344, 3282, 3323 
3355, 3344, 3282, 3323 
3355, 3344, 3282, 3323 
3355, 3344, 3282, 3323 
3355, 3344, 3282, 3323 
3355, 3344, 3282, 3323 
3355, 3344, 3282, 3323 
3355, 3344, 3282, 3323 
3355, 3344, 3282, 3323 
3355, 3344, 3282, 3323 
3355, 3344, 3282, 3323 
3355, 3344, 3282, 3323 
3355, 3344, 3282, 3323 
3355, 3344, 3282, 3323 
3443, 3344, 3370, 3323 
3443, 3344, 3370, 3323 
3443, 3344, 3370, 3323 
3443, 3344, 3370, 3323 
3443, 3344, 3370, 3323 
3443, 3344, 3370, 3323 
3443, 3344, 3370, 3323 
3443, 3344, 3370, 3323 
3443, 3344, 3370, 3323 
3443, 3344, 3370, 3323 
3443, 3344, 3370, 3323 
3443, 3344, 3370, 3323 
3443, 3344, 3370, 3323 
3443, 3344, 3370, 3323 
3443, 3438, 3370, 3418 
3443, 3438, 3370, 3418 
3443, 3438, 3370, 3418 
3443, 3438, 3370, 3418 
3443, 3438, 3370, 3418 
3443, 3438, 3370, 3418 
3443, 3438, 3370, 3418 
3443, 3438, 3370, 3418 
3443, 3438, 3370, 3418 
3443, 3438, 3370, 3418 
3443, 3438, 3370, 3418 
3443, 3438, 3370, 3418 
3443, 3438, 3370, 3418 
3443, 3438, 3370, 3418 
3443, 3438, 3370, 3418 
3443, 3438, 3370, 3418 
3443, 3438, 3370, 3418 
3443, 3438, 3370, 3418 
3443, 3438, 3370, 3418 
3443, 3438, 3370, 3418 
3443, 3438, 3370, 3418 
3443, 3438, 3370, 3418 
3443, 3438, 3370, 3418 
3443, 3438, 3370, 3418 
3443, 3438, 3370, 3418 
3443, 3438, 3370, 3418 
3443, 3438, 3370, 3418 
3443, 3438, 3370, 3418 
3443, 3438, 3370, 3418 
3443, 3438, 3370, 3418 
3443, 3438, 3370, 3418 
3443, 3438, 3370, 3418 
3443, 3438, 3370, 3418 
3443, 3438, 3370, 3418 
3443, 3438, 3370, 3418 
3443, 3438, 3370, 3418 
3443, 3438, 3370, 3418 
3443, 3438, 3370, 3418 
3525, 3438, 3453, 3418 
3525, 3438, 3453, 3418 
3525, 3438, 3453, 3418 
3525, 3438, 3453, 3418 
3525, 3438, 3453, 3418 
3525, 3438, 3453, 3418 
3525, 3438, 3453, 3418 
3525, 3438, 3453, 3418 
3525, 3438, 3453, 3418 
3525, 3511, 3453, 3492 
3525, 3511, 3453, 3492 
3525, 3511, 3453, 3492 
3525, 3511, 3453, 3492 
3525, 3511, 3453, 3492 
3525, 3511, 3453, 3492 
3525, 3511, 3453, 3492 
3525, 3511, 3453, 3492 
3525, 3511, 3453, 3492 
3525, 3511, 3453, 3492 
3525, 3511, 3453, 3492 
3525, 3511, 3453, 3492 
3525, 3511, 3453, 3492 
3525, 3511, 3453, 3492 
3525, 3511, 3453, 3492 
3525, 3511, 3453, 3492 
3525, 3511, 3453, 3492 
3525, 3511, 3453, 3492 
3525, 3511, 3453, 3492 
3525, 3511, 3453, 3492 
3525, 3511, 3453, 3492 
3525, 3511, 3453, 3492 
3525, 3511, 3453, 3492 
3525, 3511, 3453, 3492 
3525, 3511, 3453, 3492 
3525, 3511, 3453, 3492 
3525, 3511, 3453, 3492 
3525, 3511, 3453, 3492 
3525, 3511, 3453, 3492 
3525, 3511, 3453, 3492 
3525, 3511, 3453, 3492 
3525, 3511, 3453, 3492 
3525, 3511, 3453, 3492 
3525, 3511, 3453, 3492 
3525, 3511, 3453, 3492 
3601, 3511, 3529, 3492 
3601, 3511, 3529, 3492 
3601, 3511, 3529, 3492 
3601, 3511, 3529, 3492 
3601, 3511, 3529, 3492 
3601, 3511, 3529, 3492 
3601, 3511, 3529, 3492 
3601, 3511, 3529, 3492 
3601, 3511, 3529, 3492 
3601, 3511, 3529, 3492 
3601, 3584, 3529, 3566 
3601, 3584, 3529, 3566 
3601, 3584, 3529, 3566 
3601, 3584, 3529, 3566 
3601, 3584, 3529, 3566 
3601, 3584, 3529, 3566 
3601, 3584, 3529, 3566 
3601, 3584, 3529, 3566 
3601, 3584, 3529, 3566 
3601, 3584, 3529, 3566 
3601, 3584, 3529, 3566 
3601, 3584, 3529, 3566 
3601, 3584, 3529, 3566 
3601, 3584, 3529, 3566 
3601, 3584, 3529, 3566 
3601, 3584, 3529, 3566 
3601, 3584, 3529, 3566 
3601, 3584, 3529, 3566 
3601, 3584, 3529, 3566 
3601, 3584, 3529, 3566 
3601, 3584, 3529, 3566 
3601, 3584, 3529, 3566 
3601, 3584, 3529, 3566 
3601, 3584, 3529, 3566 
3601, 3584, 3529, 3566 
3601, 3584, 3529, 3566 
3601, 3584, 3529, 3566 
3601, 3584, 3529, 3566 
3601, 3584, 3529, 3566 
3601, 3584, 3529, 3566 
3601, 3584, 3529, 3566 
3601, 3584, 3529, 3566 
3601, 3584, 3529, 3566 
3601, 3584, 3529, 3566 
3601, 3584, 3529, 3566 
3601, 3584, 3529, 3566 
3601, 3584, 3529, 3566 
3601, 3584, 3529, 3566 
3601, 3584, 3529, 3566 
3601, 3584, 3529, 3566 
3601, 3584, 3529, 3566 
3601, 3584, 3529, 3566 
3601, 3584, 3529, 3566 
3601, 3584, 3529, 3566 
3601, 3584, 3529, 3566 
3601, 3584, 3529, 3566 
*************************
0, 0, 0, 0 
0, 0, 0, 0 
0, 0, 0, 0 
0, 0, 0, 0 
0, 0, 0, 0 
0, 0, 0, 0 
0, 0, 0, 0 
0, 0, 0, 0 
0, 0, 0, 0 
0, 0, 0, 0 
0, 0, 0, 0 
0, 0, 0, 0 
0, 0, 0, 0 
0, 0, 0, 0 
0, 0, 0, 0 
0, 0, 0, 0 
0, 0, 0, 0 
0, 0, 0, 0 
0, 0, 0, 0 
0, 0, 0, 0 
0, 0, 0, 0 
0, 0, 0, 0 
0, 0, 0, 0 
0, 0, 0, 0 
0, 0, 0, 0 
0, 0, 0, 0 
0, 0, 0, 0 
0, 0, 0, 0 
0, 0, 0, 0 
0, 0, 0, 0 
0, 0, 0, 0 
0, 0, 0 
0, 0, 0, 0 
0, 0, 0, 0 
0, 0, 0, 0 
0, 0, 0, 0 
0, 0, 0, 0 
0, 0, 0, 0 
0, 0, 0, 0 
0, 0, 0, 0 
0, 0, 0, 0 
0, 0, 0, 0 
0, 0, 0, 0 
0, 0, 0, 0 
0, 0, 0, 0 
0, 0, 0, 0 
0, 0, 0, 0 
0, 0, 0, 0 
0, 0, 0, 0 
0, 0, 0, 0 
0, 0, 0, 0 
0, 0, 0, 0 
0, 0, 0, 0 
0, 0, 0, 0 
0, 0, 0, 0 
0, 0, 0, 0 
9, 0, 0, 0 
9, 0, 0, 0 
9, 0, 0, 0 
9, 0, 0, 0 
9, 0, 0, 0 

50, 0, 0, 45 
50, 0, 0, 45 
50, 0, 0, 45 
50, 0, 0, 45 
50, 0, 0, 45 
50, 0, 0, 45 
50, 0, 0, 45 
50, 0, 0, 45 
50, 0, 0, 45 
107, 0, 0, 45 
107, 0, 0, 45 
107, 0, 0, 45 
107, 0, 0, 45 
107, 0, 0, 45 
107, 0, 0, 45 
107, 0, 0, 45 
107, 0, 0, 45 
107, 0, 0, 45 
107, 0, 0, 45 
107, 0, 0, 45 
107, 0, 0, 45 
107, 0, 0, 45 
107, 0, 0, 80 
107, 0, 0, 8065, 3, 0, 132 
165, 3, 0, 132 
165, 3, 0, 132 
165, 3, 0, 132 
165, 3, 0, 132 
165, 3, 0, 132 
165, 3, 0, 132 
165, 3, 0, 132 
165, 3, 0, 132 
165, 3, 0, 132 
165, 3, 0, 132 
165, 3, 0, 132 
165, 3, 0, 132 
165, 3, 0, 132 
165, 3, 0, 132 
221, 3, 5, 132 
221, 3, 5, 132 
221, 3, 5, 132 
221, 3, 5, 132 
221, 3, 5, 132 
221, 3, 5, 132 
221, 3, 5, 132 
221, 3, 5, 132 
221, 3, 5, 132 
221, 3, 5, 132 
221, 3, 5, 132 
221, 3, 5, 132 
221, 3, 5, 132 
221, 8, 5, 199 
221, 8, 5, 199 
221, 8, 5, 199 
221, 8, 5, 199 
221, 8, 5, 199 
221, 8, 5, 199 
221, 8, 5, 199 
221, 8, 5, 199 
221, 8, 5, 199 
221, 8, 5, 199 
221, 8, 5, 199 
221, 8, 5, 199 
221, 8, 5, 199 
221, 8, 5, 199 
221, 8, 5, 199 
221, 8, 5, 199 
221, 8, 5, 199 
221, 8, 5, 199 
221, 8, 5, 199 
221, 8, 5, 199 
221, 8, 5, 199 
221, 8, 5, 199 
221, 8, 5, 199 
221, 8, 5, 199 
221, 8, 5, 199 
221, 8, 5, 199 
221, 8, 5, 199 
221, 8, 5, 199 
221, 8, 5, 199 
221, 8, 5, 199 
221, 8, 5, 199 
221, 8, 5, 199 
221, 8, 5, 199 
221, 8, 5, 199 
221, 8, 5, 199 
221, 8, 5, 199 
221, 8, 5, 199 
221, 8, 5,  281 
298, 14, 14, 281 
298, 14, 14, 281 
298, 14, 14, 281 
298, 14, 14, 281 
298, 14, 14, 281 
298, 14, 14, 281 
298, 14, 14, 281 
298, 14, 14, 281 
298, 14, 14, 281 
14, -34, -6 
-21, -14, -34, -6 
-21, -14, -34, -6 
-21, 
-21, -21, -55, -27 
-21, -21, -55, -27 
-21, -21, -55, -27 
-21, -21, -55, -27 
-21, -21, -55, -27 
-21, -21, -55, -27 
-21, -21, -55, -27 
-21, -21, -55, -27 
-21, -21, -55, -27 
-21, -21, -55, -27 
-21, -21, -55, -27 
-21, -21, -55, -27 
-21, -21, -55, -27 
-21, -21, -55, -27 
1, -21, -99, -27 
1, -21, -99, -27 
1, -21, -99, -27 
1, -21, -99, -76, -148, 13 
20, -76, -148, 13 
20, -76, -148, 13 
20, -76, -148, 13 
20, -76, -148, 13 
20, -76, -148, 13 
20, -76, -148, 13 
20, -76, -148, 13 
20, -76, -148, 13 
20, -76, -148, 13 
20, -76, -148, 13 
20, -76, -148, 13 
20, -76, -148, 13 
20, -76, -148, 13 
20, -76, -148, 13 
20, -76, -148, 13 
20, -76, -148, 13 
20, -76, -148, 13 
20, -76, -14867 
58, -109, -167, 67 
58, -109, -167, 67 
58, -109, -167, 67 
58, -109, -167, 67 
58, -109, -167, 67 
58, -109, -167, 67 
58, -109, -167, 67 
58, -109, -167, 67 
58, -109, -167, 67 
58, -109, -167, 67 
58, -109, -167, 67 
58, -109, -167, 67 
58, -109, -167, 67 
58, -109, -167, 67 
58, -109, -167, 67 
58, -109, -167, 67 
58, -109, -167, 67 
58, -1-151, -243, 127 
170, -151, -243, 127 
170, -151, -243, 127 
170, -151, -243, 127 
170, -151, -243, 127 
170, -151, -243, 127 
170, -151, -243, 127 
170, -151, -243, 127 
170, -220, -243, 195 
170, -220, -243, 195 
170, -220, -243, 195 
170, -220, -243, 195 
170, -220, -243, 195 
170, -220, -243, 195 
170, -220, -243, 195 
170, -220, -243, 195 
170-339, -354, 308 
278, -339, -354, 308 
278, -339, -354, 308 
278, -339, -354, 308 
278, -339, -354, 308 
278, -339, -354, 308 
278, -339, -354, 308 
278, -339, -354, 308 
278, -339, -354, 308 
278, -339, -354, 308 
278, -339, -354, 308 
278, -339, -354, 308 
278, -339, -354, 308 
278, -339, -354, 308 
278, -339, -354, 308 
278, -339, -354, 308 
278-474, -551, 431 
482, -474, -551, 431 
482, -474, -551, 431 
482, -474, -551, 431 
482, -474, -551, 431 
482, -474, -551, 431 
482, -474, -551, 431 
482, -474, -551, 431 
482, -555, -551, 507 
482, -555, -551, 507 
482, -555, -551, 507 
482, -555, -551, 507 
482, -555, -551, 507 
482, -555, -551, 507 
482, -555, -551, 507 
482, -555, -551, 507 
482-634, -637, 584 
567, -634, -637, 584 
567, -634, -637, 584 
567, -634, -637, 584 
567, -634, -637, 584 
567, -634, -637, 584 
567, -634, -637, 584 
567, -634, -637, 584 
567, -634, -637, 584 
567, -634, -637, 584 
567, -634, -637, 584 
567, -634, -637, 584 
567, -634, -637, 584 
567, -634, -637, 584 
567, -634, -637, 584 
567, -634, -637, 584 
567705, -779, -779, 724 
705, -779, -779, 724 
705, -779, -779, 724 
705, -779, -779, 724 
705, -779, -779, 724 
705, -779, -779, 724 
705, -779, -779, 724 
705, -779, -779, 724 
705, -779, -779, 724 
705, -779, -779, 724 
705, -779, -779, 724 
705, -779, -779, 724 
705, -779, -779, 724 
705, -779, -779, 724 
705, -779, -779, 724 
705, -779, -779, 724 
854, -938, -935, 872 
854, -938, -935, 872 
854, -938, -935, 872 
854, -938, -935, 872 
854, -938, -935, 872 
854, -938, -935, 872 
854, -938, -935, 872 
854, -938, -935, 872 
854, -938, -935, 872 
854, -938, -935, 872 
854, -938, -935, 872 
854, -938, -935, 872 
854, -938, -935, 872 
854, -938, -935, 872 
854, -938, -935, 872 
854, -938, -935, 81025, 957 
942, -1032, -1025, 957 
942, -1032, -1025, 957 
942, -1032, -1025, 957 
942, -1032, -1025, 957 
942, -1032, -1025, 957 
942, -1032, -1025, 957 
942, -1032, -1025, 957 
942, -1032, -1025, 957 
942, -1032, -1025, 957 
942, -1032, -1025, 957 
942, -1032, -1025, 957 
942, -1032, -1025, 957 
942, -1032, -1025, 957 
942, -1032, -1025, 957 
942 -1103, -1098, 1026 
1014, -1103, -1098, 1026 
1014, -1103, -1098, 1026 
1014, -1103, -1098, 1026 
1014, -1103, -1098, 1026 
1014, -1103, -1098, 1026 
1014, -1103, -1098, 1026 
1014, -1103, -1098, 1026 
1014, -1103, -1098, 1026 
1014, -1103, -1098, 1026 
1014, -1103, -1098, 1026 
1014, -1103, -1098, 1026 
1014, -1103, -1098, 1026 
1014, -1103, -109 -1176, -1171, 1094 
1085, -1176, -1171, 1094 
1085, -1176, -1171, 1094 
1085, -1176, -1171, 1 -1557, -1541, 1461 
1445, -1557, -1541, 1461 
1518, -1557, -1614, 1461 
1518, -1557, -1614, 1461 
1518, -1557, -1614, 1461 
1518, -1557, -1614, 1461 
1518, -1557, -1614, 1461 
1518, -1557, -1614, 1461 
1518, -1557, -1614, 1461 
1518, -1557, -1614, 1461 
1518, -1626, -1614, 1528 
1518, -1626, -1614, 1528 
1518, -1626, -1614, 1528 
1518, -1626, -1614, 1528 
1518, -1626, -1614, 1528 
1518, -1626, -1614, 1528 
1518, -1626, -1614, 1528 
1518, -1626, -1614, 1528 
1518, -1626, -1614, 1528 
1518, -1626, -1614, 1528 
1518, -1626, -1614, 1528 
1518, -1626, -1614, 1528 
1518, -1626, -1614, 1528 
1518, -1626, -1614, 1528 
1518, -1626, -1614, 1528 
1518, -1626, -1614, 1528 
1518, -1626, -1614, 1528 
1518, -1626, -1614, 1528 
1518, -1626, -1614, 1528 
1518, -1626, -1614, 1528 
1518, -1626, -1614, 1528 
1518, -1626, -1614, 1528 
1518, -1626, -1614, 1528 
1518, -1626, -1614, 1528 
1518, -1626, -1614, 1528 
1518, -1626, -1614, 1528 
1518, -1626, -1614, 1528 
1518, -1626, -1614, 1528 
1518, -1626, -1614, 1528 
1518, -1626, -1614, 1528 
1518, -1626, -1614, 1528 
1518, -1626, -1614, 1528 
1518, -1626, -1614, 1528 
1518, -1626, -1614, 1528 
1518, -1626, -1614, 1528 
1518, -1626, -1614, 1528 
1518, -1626, -1614, 1528 
1518, -1626, -1614, 1528 
1518, -1626, -1614, 1528 
1582, -1626, -1679, 1528 
1582, -1626, -1679, 1528 
1582, -1626, -1679, 1528 
1582, -1626, -1679, 1528 
1582, -1626, -1679, 1528 
1582, -1626, -1679, 1528 
1582, -1626, -1679, 1528 
1582, -1626, -1679, 1528 
1582, -1698, -1679, 1594 
1582, -1698, -1679, 1594 
1582, -1698, -1679, 1594 
1582, -1698, -1679, 1594 
1582, -1698, -1679, 1594 
1582, -1698, -1679, 1594 
1582, -1698, -1679, 1594 
1582, -1698, -1679, 1594 
1582, -1698, -1679, 1594 
1582, -1698, -1679, 1594 
1582, -1698, -1679, 1594 
1582, -1698, -1679, 1594 
1582, -1698, -1679, 1594 
1582, -1698, -1679, 1594 
1582, -1698, -1679, 1594 
1582, -1698, -1679, 1594 
1582, -1698, -1679, 1594 
1582, -1698, -1679, 1594 
1582, -1698, -1679, 1594 
1582, -1698, -1679, 1594 
1582, -1698, -1679, 1594 
1582, -1698, -1679, 1594 
1582, -1698, -1679, 1594 
1582, -1698, -1679, 1594 
1582, -1698, -1679, 1594 
1582, -1698, -1679, 1594 
1582, -1698, -1679, 1594 
1582, -1698, -1679, 1594 
1582, -1698, -1679, 1594 
1582, -1698, -1679, 1594 
1582, -1698, -1679, 1594 
1582, -1698, -1679, 1594 
1582, -1698, -1679, 1594 
1582, -1698, -1679, 1594 
1582, -1698, -1679, 1594 
1582, -1698, -1679, 1594 
1649, -1698, -1747, 1594 
1649, -1698, -1747, 1594 
1649, -1698, -1747, 1594 
1649, -1698, -1747, 1594 
1649, -1698, -1747, 1594 
1649, -1698, -1747, 1594 
1649, -1698, -1747, 1594 
1649, -1698, -1747, 1594 
1649, -1698, -1747, 1594 
1649, -1766, -1747, 1664 
1649, -1766, -1747, 1664 
1649, -1766, -1747, 1664 
1649, -1766, -1747, 1664 
1649, -1766, -1747, 1664 
1649, -1766, -1747, 1664 
1649, -1766, -1747, 1664 
1649, -1766, -1747, 1664 
1649, -1766, -1747, 1664 
1649, -1766, -1747, 1664 
1649, -1766, -1747, 1664 
1649, -1766, -1747, 1664 
1649, -1766, -1747, 1664 
1649, -1766, -1747, 1664 
1649, -1766, -1747, 1664 
1649, -1766, -1747, 1664 
1649, -1766, -1747, 1664 
1649, -1766, -1747, 1664 
1649, -1766, -1747, 1664 
1649, -1766, -1747, 1664 
1649, -1766, -1747, 1664 
1649, -1766, -1747, 1664 
1649, -1766, -1747, 1664 
1649, -1766, -1747, 1664 
1649, -1766, -1747, 1664 
1649, -1766, -1747, 1664 
1649, -1766, -1747, 1664 
1649, -1766, -1747, 1664 
1649, -1766, -1747, 1664 
1649, -1766, -1747, 1664 
1649, -1766, -1747, 1664 
1649, -1766, -1747, 1664 
1649, -1766, -1747, 1664 
1649, -1766, -1747, 1664 
1649, -1766, -1747, 1664 
1649, -1766, -1747, 1664 
1649, -1766, -1747, 1664 
1649, -1766, -1747, 1664 
1649, -1766, -1747, 1664 
1649, -1766, -1747, 1664 
1649, -1766, -1747, 1664 
1649, -1766, -1747, 1664 
1649, -1766, -1747, 1664 
1649, -1766, -1747, 1664 
1649, -1766, -1747, 1664 
1649, -1766, -1747, 1664 
1649, -1766, -1747, 1664 
1649, -1766, -1747, 1664 
1649, -1766, -1747, 1664 
1649, -1766, -1747, 1664 
1649, -1766, -1747, 1664 
1649, -1766, -1747, 1664 