-101, -119, 142 
112, -101, -119, 142 
112, -101, -119,-319, -290, 355 
267, -319, -290, 355 
267, -319, -290, 355 
267, -319, -290, 355 
267, -319, -290, 355 
267, -319, -290, 355 
329, -319, -350, 355 
329, -319, -350, 355 
329, -319, -350, 355 
329, -319, -350, 355 
329, -319, -350, 355 
329, -319, -350, 355 
329, -319, -350, 355 
329, -319, -350, 355 
329, -319, -350, 355 
329, -387, -350, 355 
329-387, -414, 413 
391, -387, -414, 413 
391, -449, -414, 413 
391, -449, -414, 413 
391, -449, -414, 413 
391, -449, -414, 413 
391, -449, -414, 413 
391, -449, -414, 413 
391, -449, -414, 413 
391, -449, -414, 413 
391, -449, -414, 413 
391, -449, -414, 413 
391, -449, -414, 413 
391, -449, -414, 413 
391, -449, -414, 413 
391, -449, -414, 413 
391-665, -632, 616 
609, -665, -632, 616 
609, -665, -632, 616 
609, -665, -632, 616 
609, -665, -632, 616 
609, -665, -632, 616 
609, -665, -632, 616 
609, -665, -632, 616 
609, -665, -632, 616 
609, -665, -632, 616 
609, -665, -632, 616 
609, -665, -632, 616 
609, -665, -632, 616 
609, -665, -632, 616 
609, -665, -632, 616 
609, -665, -632, 616 
609771, 749 
750, -800, -771, 749 
750, -800, -771, 749 
750, -800, -771, 817 
750, -800, -771, 817 
750, -800, -771, 817 
750, -800, -771, 817 
750, -800, -771, 817 
750, -800, -771, 817 
750, -800, -771, 817 
750, -800, -771, 817 
750, -800, -771, 817 
750, -800, -771, 817 
750, -800, -771, 817 
750, -800, -771, 817 
750, -800, -771, 817 
750, -800,, -800, -841, 817 
823, -870, -841, 817 
823, -870, -841, 817 
823, -870, -841, 817 
823, -870, -841, 817 
823, -870, -841, 817 
823, -870, -841, 817 
823, -870, -841, 817 
823, -870, -841, 817 
823, -870, -841, 817 
823, -870, -841, 817 
823, -870, -841, 817 
823, -870, -841, 817 
823, -870, -841, 817 
823, -870, -841, 817 
823, -870, -841, 817 
823, -870, -841, 817 
823, -870, -841, 817 
823, -870, -841, 817 
823, -870, -841, 817 
823, -870, -841, 817 
823, -870, -841, 817 
823, -870, -841, 817 
823, -870, -841, 817 
823, -870, -841, 817 
823, -870, -841, 817 
823, -870, -841, 817 
823, -870, -841, 817 
823, -870, -841, 817 
823, -870, -841, 817 
823, -870, -841, 817 
823, -870, -841, 817 
823, -870, -841, 817 
823, -870, -841, 817 
823, -870, -841, 817 
823, -870, -841, 817 
823, -870, -841, 817 
823, -870, -841, 817 
823, -870, -841, 817 
823, -870, -841, 817 
823, -870, -841, 817 
823, -870, -841, 904 
823, -870, -841, 904 
823, -870, -841, 904 
823, -870, -841, 904 
823, -870, -841, 904 
823, -870, -841, 904 
823, -870, -841, 904 
823, -870, -841, 904 
823, -870, -841, 904 
823, -870, -841, 904 
823, -870, -841, 904 
823, -870, -841, 904 
823, -870, -841, 904 
823, -870, -841, 904 
823, -870, -841, 904 
823, -870, -841, 904 
823, -870, -841, 904 
910, -870, -926, 904 
910, -870, -926, 904 
910, -870, -926, 904 
910, -870, -926, 904 
910, -870, -926, 904 
910, -870, -926, 904 
910, -870, -926, 904 
910, -870, -926, 904 
910, -870, -926, 904 
910, -870, -926, 904 
910, -870, -926, 904 
910, -959, -926, 904 
910, -959, -926, 904 
910, -959, -926, 904 
910, -959, -926, 904 
910, -959, -926, 904 
910, -959, -926, 904 
910, -959, -926, 904 
910, -959, -926, 904 
910, -959, -926, 904 
910, -959, -926, 904 
910, -959, -926, 904 
910, -959, -926, 904 
910, -959, -926, 904 
910, -959, -926, 904 
910, -959, -926, 904 
910, -959, -926, 904 
910, -959, -926, 904 
910, -959, -926, 904 
910, -959, -926, 904 
910, -959, -926, 904 
910, -959, -926, 904 
910, -959, -926, 904 
910, -959, -926, 904 
910, -959, -926, 904 
910, -959, -926, 904 
910, -959, -926, 904 
910, -959, -926, 904 
910, -959, -926, 904 
910, -959, -926, 972 
910, -959, -926, 972 
910, -959, -926, 972 
910, -959, -926, 972 
910, -959, -926, 972 
910, -959, -926, 972 
910, -959, -926, 972 
910, -959, -926, 972 
910, -959, -926, 972 
910, -959, -926, 972 
910, -959, -926, 972 
910, -959, -926, 972 
910, -959, -926, 972 
910, -959, -926, 972 
910, -959, -926, 972 
910, -959, -926, 972 
910, -959, -926, 972 
910, -959, -926, 972 
910, -959, -926, 972 
910, -959, -926, 972 
910, -959, -926, 972 
910, -959, -926, 972 
910, -959, -926, 972 
991, -959, -1004, 972 
991, -959, -1004, 972 
991, -959, -1004, 972 
991, -959, -1004, 972 
991, -959, -1004, 972 
991, -959, -1004, 972 
991, -959, -1004, 972 
991, -959, -1004, 972 
991, -959, -1004, 972 
991, -959, -1004, 972 
991, -959, -1004, 972 
991, -1037, -1004, 972 
991, -1037, -1004, 972 
991, -1037, -1004, 972 
991, -1037, -1004, 972 
991, -1037, -1004, 972 
991, -1037, -1004, 972 
991, -1037, -1004, 972 
991, -1037, -1004, 972 
991, -1037, -1004, 972 
991, -1037, -1004, 972 
991, -1037, -1004, 972 
991, -1037, -1004, 972 
991, -1037, -1004, 972 
991, -1037, -1004, 972 
991, -1037, -1004, 972 
991, -1037, -1004, 972 
991, -1037, -1004, 972 
991, -1037, -1004, 972 
991, -1037, -1004, 972 
991, -1037, -1004, 972 
991, -1037, -1004, 972 
991, -1037, -1004, 972 
991, -1037, -1004, 972 
991, -1037, -1004, 972 
991, -1037, -1004, 1052 
991, -1037, -1004, 1052 
991, -1037, -1004, 1052 
991, -1037, -1004, 1052 
991, -1037, -1004, 1052 
991, -1037, -1004, 1052 
991, -1037, -1004, 1052 
991, -1037, -1004, 1052 
991, -1037, -1004, 1052 
991, -1037, -1004, 1052 
991, -1037, -1004, 1052 
991, -1037, -1004, 1052 
991, -1037, -1004, 1052 
1061, -1037, -1074, 1052 
1061, -1037, -1074, 1052 
1061, -1037, -1074, 1052 
1061, -1037, -1074, 1052 
1061, -1037, -1074, 1052 
1061, -1037, -1074, 1052 
1061, -1037, -1074, 1052 
1061, -1037, -1074, 1052 
 125 
57, -94, -68, 125 
57, -94, -68, 125 
57, -94, -69 
86, -140, -96, 179 
86, -140, -96, 179 
86, -140, -96, 179 
86, -140, -96, 179 
86, -140, -96, 179 
86, -140, -96, 179 
86, -140, -96, 179 
86, -140, -96, 179 
86, -140, -96, 179 
86, -140, -96, 179 
86, -140, -96, 179 
86, -140, -96, 179 
86, -140, -96, 179 
86, -140, -96, 179 
86, -140, -96, 179 
122, -140, -136, 179 
122, -140, -136, 179 
122-260, -198, 242 
184, -260, -198, 242 
184, -260, -198, 242 
184, -260, -198, 242 
184, -260, -198, 242 
184, -260, -198, 242 
184, -260, -198, 242 
184, -260, -198, 242 
184, -260, -198, 242 
184, -260, -198, 242 
184, -260, -198, 297 
184, -260, -198, 297 
184, -260, -198, 297 
184, -260, -198, 297 
184, -260, -198, 297 
184, -260, -198, 297 
184-391, -388, 416 
368, -391, -388, 416 
368, -391, -388, 416 
368, -455, -388, 416 
368, -455, -388, 416 
368, -455, -388, 416 
368, -455, -388, 416 
368, -455, -388, 416 
368, -455, -388, 416 
368, -455, -388, 416 
368, -455, -388, 416 
368, -455, -388, 416 
368, -455, -388, 416 
368, -455, -388, 416 
368, -455, -388, 416 
368, -455, -388, 416 
368-617, -543, 561 
525, -617, -543, 561 
525, -617, -543, 561 
525, -617, -543, 561 
525, -617, -543, 561 
525, -617, -543, 561 
525, -617, -543, 561 
525, -617, -543, 561 
525, -617, -543, 561 
525, -617, -543, 561 
525, -617, -543, 561 
525, -617, -543, 561 
525, -617, -543, 561 
525, -617, -543, 561 
525, -617, -543, 561 
525, -617, -543, 561 
525-692, -615, 639 
597, -692, -615, 639 
597, -692, -615, 639 
597, -692, -615, 639 
597, -692, -615, 639 
597, -692, -615, 639 
597, -692, -615, 639 
597, -692, -615, 713 
597, -692, -615, 713 
597, -692, -615, 713 
597, -692, -615, 713 
597, -692, -615, 713 
597, -692, -615, 713 
597, -692, -615, 713 
597, -692, -615, 713 
597, -692, -615, 713 
5976, -762, -761, 786 
746, -762, -761, 786 
746, -762, -761, 786 
746, -762, -761, 786 
746, -762, -761, 786 
746, -762, -761, 786 
746, -762, -761, 786 
746, -762, -761, 786 
746, -837, -761, 786 
746, -837, -761, 786 
746, -837, -761, 786 
746, -837, -761, 786 
746, -837, -761, 786 
746, -837, -761, 786 
746, -837, -761, 786 
746, -837, -761, 786 
7, -911, 938 
900, -997, -911, 938 
900, -997, -911, 938 
900, -997, -911, 938 
900, -997, -911, 1027 
900, -997, -911, 1027 
900, -997, -911, 1027 
900, -997, -911, 1027 
900, -997, -911, 1027 
900, -997, -911, 1027 
900, -997, -911, 1027 
900, -997, -911, 1027 
900, -997, -911, 1027 
900, -997, -911, 1027 
900, -997, -911, 1027 
900, -997, -911,  -1162, -1076, 1106 
1066, -1162, -1076, 1106 
1066, -1162, -1076, 1106 
1066, -1162, -1076, 1106 
1066, -1162, -1076, 1106 
1066, -1162, -1076, 1106 
1066, -1162, -1076, 1106 
1066, -1162, -1076, 1106 
1066, -1162, -1076, 1106 
1066, -1162, -1076, 1106 
1066, -1162, -1076, 1176 
1066, -1162, -1076, 1176 
1066, -1162, -1076, 1176 
1066, -1162, -107 -1235, -1141, 1255 
1139, -1235, -1141, 1255 
1139, -1235, -1141, 1255 
1139, -1235, -1141, 1255 
1139, -1235, -1141, 1255 
1139, -1235, -1141, 1255 
1139, -1235, -1141, 1255 
1212, -1235, -1220, 1255 
1212, -1235, -1220, 1255 
1212, -1235, -1220, 1255 
1212, -1235, -1220, 1255 
1212, -1235, -1220, 1255 
1212, -1235, -1220, 1255 
1212, -1235, -122 -1312, -1220, 1334 
1212, -1312, -1220, 1334 
1294, -1312, -1295, 1334 
1294, -1312, -1295, 1334 
1294, -1312, -1295, 1334 
1294, -1312, -1295, 1334 
1294, -1312, -1295, 1334 
1294, -1312, -1295, 1334 
1294, -1312, -1295, 1334 
1294, -1312, -1295, 1334 
1294, -1312, -1295, 1334 
1294, -1395, -1295, 1334 
1294, -1395, -1295, 1334 
1294, -1395, -129 -1483, -1461, 1495 
1460, -1483, -1461, 1495 
1460, -1483, -1461, 1495 
1460, -1483, -1461, 1495 
1460, -1561, -1461, 1495 
1460, -1561, -1461, 1495 
1460, -1561, -1461, 1495 
1460, -1561, -1461, 1495 
1460, -1561, -1461, 1495 
1460, -1561, -1461, 1495 
1460, -1561, -1461, 1495 
1460, -1561, -1461, 1495 
1460, -1561, -1461, 1495 
1460, -1561, -146 -1721, -1621, 1648 
1623, -1721, -1621, 1648 
1623, -1721, -1621, 1648 
1623, -1721, -1621, 1 -2448, -2347, 2397 
2356, -2448, -2347, 2397 
2356, -2 -2525, -2422, 2472 
2434, -2525, -2422, 2472 
2434, -2525, -2422, 2472 
2434, -2525, -2422, 2472 
2434, -2525, -2422, 2472 
2434, -2525, -2422, 2472 
2434, -2525, -2422, 2546 
2434, -2525, -2422, 2546 
2434, -2525, -2422, 2546 
2434, -2525, -2422, 2546 
2434, -2525, -2422, 2546 
2434, -2525, -2422, 2546 
2434, -2525, -2422, 2546 
2434, -2525, -242 -2600, -2495, 2616 
2504, -2600, -2495, 2616 
2504, -2600, -2495, 2616 
2504, -2600, -2495, 2616 
2504, -2600, -2495, 2616 
2504, -2600, -2495, 2616 
2504, -2600, -2495, 2616 
2504, -2600, -2495, 2616 
2504, -2600, -2495, 2616 
2504, -2600, -2495, 2616 
2504, -2600, -2495, 2616 
2504, -2600, -2495, 2616 
2504, -2600, -2495, 2616 
2504, -2600, -249 -2686, -2659, 2703 
2666, -2686, -2659, 2703 
2666, -2686, -2659, 2703 
2666, -2686, -2659, 2703 
2666, -2686, -2659, 2703 
2666, -2686, -2659, 2703 
2666, -2686, -2659, 2703 
2666, -2686, -2659, 2703 
2666, -2686, -2659, 2703 
2666, -2686, -2659, 2703 
2666, -2686, -2659, 2703 
2666, -2686, -2659, 2703 
2666, -2686, -2659, 2703 
2666, -2768, -2659, 2703 
2666, -2768, -2659, 2703 
2666, -2768, -2659, 2703 
2666, -2768, -2659, 2703 
2666, -2768, -2659, 2703 
2666, -2768, -2659, 2703 
2666, -2768, -2659, 2703 
2666, -2768, -2659, 2703 
2666, -2768, -2659, 2703 
2666, -2768, -2659, 2703 
2666, -2768, -2659, 2703 
2666, -2768, -2659, 2703 
2666, -2768, -2659, 2703 
2666, -2768, -2659, 2703 
266-2891, 2940 
2902, -2925, -2891, 2940 
2902, -2925, -2891, 2940 
2902, -2925, -2891, 2940 
2902, -2925, -2891, 2940 
2902, -2925, -2891, 2940 
2902, -2925, -2891, 2940 
*************************
12, -36, -11, 66 
12, -36, -11, 66 
12, -36, -11, 66 
12, -36, -11, 66 
12, -36, -11, 66 
12, -36, -11, 66 
12, -36, -11, 66 
12, -36, -11, 66 
12, -36, -14, -67, -60, 71 
-4, -67, -60, 71 
-4, -67, -60, 71 
-4, -67, -60, 71 
-4, -67, -60, 71 
-4, -67, -60, 71 
-4, -67, -60, 71 
-4, -67, -60, 71 
-4, -67, -60, 71 
-4, -67, -60, 71 
-4, -67, -60, 71 
-4, -67, -60, 71 
-4, -67, -60, 71 
-4, -67, -60, 71 
-4, -67, -60, 71 
-4, -67, -60, 71 
-4, -67, -60, 71 
-4, -67, -60, 71 
-4, -67, -60, 71 
-4, -67, , 2 
-23, -98, -101, 2 
-23, -98, -101, 2 
-23, -98, -101, 2 
-23, -98, -101, 2 
-23, -98, -101, 2 
-23, -98, -101, 2 
-23, -98, -101, 2 
-23, -98, -101, 2 
-23, -98, -101, 2 
-23, -98, -101, 2 
-23, -98, -101, 2 
-23, -98, -101, 2 
-23, -98, -101, 2 
-23, -98, -101, 2 
-23, -98, -101, 2 
-23, -98, -101, 2 
-23, -98, -101, 2 
-23, -98, -101, 2 
-23-128, -171, -56 
-74, -128, -171, -56 
-74, -128, -171, -56 
-74, -165, -171, -56 
-74, -165, -171, -56 
-74, -165, -171, -56 
-74, -165, -171, -56 
-74, -165, -171, -56 
-74, -165, -171, -56 
-74, -165, -171, -56 
-74, -165, -171, -56 
-74, -165, -171, -56 
-74, -165, -171, -56 
-74, -165, -171, -56 
-74, -165, -171, -56 
-74, -165, -171, -56 
-741, -299, -163 
-181, -231, -299, -163 
-181, -231, -299, -163 
-181, -231, -299, -163 
-181, -231, -299, -163 
-181, -231, -299, -163 
-181, -231, -299, -163 
-181, -288, -299, -163 
-181, -288, -299, -163 
-181, -288, -299, -163 
-181, -288, -299, -163 
-181, -288, -299, -163 
-181, -288, -299, -163 
-181, -288, -299, -163 
-181, -288, -299, -163 8, -377, -224 
-266, -288, -377, -224 
-266, -288, -377, -224 
-266, -370, -377, -224 
-266, -370, -377, -224 
-266, -370, -377, -224 
-266, -370, -377, -224 
-266, -370, -377, -224 
-266, -370, -377, -224 
-266, -370, -377, -224 
-266, -370, -377, -224 
-266, -370, -377, -224 
-266, -370, -377, -224 
-266, -370, -377, -224 
-266, -370, -377, -224 3, -444, -375 
-336, -433, -444, -375 
-336, -433, -444, -375 
-416, -433, -521, -375 
-416, -433, -521, -375 
-416, -433, -521, -375 
-416, -433, -521, -375 
-416, -433, -521, -375 
-416, -433, -521, -375 
-416, -433, -521, -375 
-416, -433, -521, -375 
-416, -433, -521, -375 
-416, -433, -521, -375 
-416, -510, -521, -375 
-416, -510, -521, -375 8, -601, -443 
-494, -598, -601, -443 
-494, -598, -601, -443 
-494, -598, -601, -443 
-494, -95, -802, -895, -731 
-795, -802, -895, -731 
-795, -802, -895, -731 
-795, -802, -895, -731 
-795, -877, -895, -731 
-795, -877, -895, -731 
-795, -877, -895, -731 
-795, -877, -895, -731 
-795, -877, -895, -731 
-795, -877, -895, -731 
-795, -877, -895, -731 
-795, -877, -895, -731 
-795, -877, -895, -731 
-795, -877, -895, -731 
-795, -877, -895, -731 
-795, -877, -895, -731 
-795, -877, -895, -731 
-795, -877, -895, -731 
-795, -877, -895, -731 
-795, -877, -895, -731 
-795, -877, -895, -731 
-795, -877, -895, -731 
-795, -877, -895, -731 
-795, -877, -895, -731 
-795, -877, -895, -731 
-795, -877, -895, -731 
-795, -877, -895, -731 
-795, -877, -895, -731 
-795, -877, -895, -731 
-795, -877, -895, -731 
-795, -877, -895, -731 
-795, -877, -895, -731 
-795, -877, -895, -806 
-795, -877, -895, -806 
-795, -877, -895, -806 
-795, -877, -895, -806 
-795, -877, -895, -806 
-795, -877, -895, -806 
-795, -877, -895, -806 
-795, -877, -895, -806 
-795, -877, -895, -806 
-795, -877, -895, -806 
-795, -877, -895, -806 
-795, -877, -895, -806 
-795, -877, -895, -806 
-795, -877, -895, -806 
-795, -877, -895, -806 
-864, -877, -964, -806 
-864, -877, -964, -806 
-864, -877, -964, -806 
-864, -877, -964, -806 
-864, -877, -964, -806 
-864, -877, -964, -806 
-864, -877, -964, -806 
-864, -877, -964, -806 
-864, -877, -964, -806 
-864, -877, -964, -806 
-864, -946, -964, -806 
-864, -946, -964, -806 
-864, -946, -964, -806 
-864, -946, -964, -806 
-864, -946, -964, -806 
-864, -946, -964, -806 
-864, -946, -964, -806 
-864, -946, -964, -806 
-864, -946, -964, -806 
-864, -946, -964, -806 
-864, -946, -964, -806 
-864, -946, -964, -806 
-864, -946, -964, -806 
-864, -946, -964, -806 
-864, -946, -964, -806 
-864, -946, -964, -806 
-864, -946, -964, -806 
-864, -946, -964, -806 
-864, -946, -964, -806 
-864, -946, -964, -806 
-864, -946, -964, -806 
-864, -946, -964, -806 
-864, -946, -964, -806 
-864, -946, -964, -806 
-864, -946, -964, -806 
-864, -946, -964, -806 
-864, -946, -964, -806 
-864, -946, -964, -806 
-864, -946, -964, -806 
-864, -946, -964, -806 
-864, -946, -964, -806 
-864, -946, -964, -806 
-864, -946, -964, -806 
-864, -946, -964, -806 
-864, -946, -964, -806 
-864, -946, -964, -806 
-864, -946, -964, -806 
-864, -946, -964, -806 
-864, -946, -964, -881 
-864, -946, -964, -881 
-864, -946, -964, -881 
-864, -946, -964, -881 
-864, -946, -964, -881 
-864, -946, -964, -881 
-864, -946, -964, -881 
-864, -946, -964, -881 
-864, -946, -964, -881 
-864, -946, -964, -881 
-864, -946, -964, -881 
-864, -946, -964, -881 
-864, -946, -964, -881 
-864, -946, -964, -881 
-864, -946, -964, -881 
-864, -946, -964, -881 
-864, -946, -964, -881 
-864, -946, -964, -881 
-944, -946, -1041, -881 
-944, -946, -1041, -881 
-944, -946, -1041, -881 
-944, -946, -1041, -881 
-944, -946, -1041, -881 
-944, -946, -1041, -881 
-944, -946, -1041, -881 
-944, -946, -1041, -881 
-944, -946, -1041, -881 
-944, -946, -1041, -881 
-944, -946, -1041, -881 
-944, -1024, -1041, -881 
-944, -1024, -1041, -881 
-944, -1024, -1041, -881 
-944, -1024, -1041, -881 
-944, -1024, -1041, -881 
-944, -1024, -1041, -881 
-944, -1024, -1041, -881 
-944, -1024, -1041, -881 
-944, -1024, -1041, -881 
-944, -1024, -1041, -881 
-944, -1024, -1041, -881 
-944, -1024, -1041, -881 
-944, -1024, -1041, -881 
-944, -1024, -1041, -881 
-944, -1024, -1041, -881 
-944, -1024, -1041, -881 
-944, -1024, -1041, -881 
-944, -1024, -1041, -881 
-944, -1024, -1041, -881 
-944, -1024, -1041, -881 
-944, -1024, -1041, -881 
-944, -1024, -1041, -881 
-944, -1024, -1041, -881 
-944, -1024, -1041, -881 
-944, -1024, -1041, -943 
-944, -1024, -1041, -943 
-944, -1024, -1041, -943 
-944, -1024, -1041, -943 
-944, -1024, -1041, -943 
-944, -1024, -1041, -943 
-944, -1024, -1041, -943 
-944, -1024, -1041, -943 
-944, -1024, -1041, -943 
-944, -1024, -1041, -943 
-944, -1024, -1041, -943 
-944, -1024, -1041, -943 
-944, -1024, -1041, -943 
-944, -1024, -1041, -943 
-944, -1024, -1041, -943 
*************************
0, 0, 0, 0 
0, 0, 0, 0 
0, 0,, -38, -3, -67 
-3, -38, -3, -67 
-3, -38, -3, -67 
-3, -38, -3, -67 
-3, -38, -3, -67 
-3, -38, -3, -67 
-3, -38, -3, -67 
-3, -38, -3, -67 
-3, -38, -3, -67 
-3, -38, -3, -67 
-3, -38, -3, -67 
-3, -38, -3, -67 
-3, -38, -49, -67 
-34, -38, -49, -67 
-34, -38, -49, -67 
-34, -38, -49, -67 
-34, -38, -49, -67 
-34, -38, -49, -67 
-34, -38, -49, -64, -125, -153, -187 
-64, -125, -153, -187 
-64, -170, -153, -187 
-64, -170, -153, -187 
-64, -170, -153, -187 
-64, -170, -153, -187 
-64, -170, -153, -187 
-64, -170, -153, -187 
-64, -170, -153, -187 
-64, -170, -153, -187 
-64, -170, -153, -187 
-64, -170, -153, -187 
-64, -170, -153, -187 
-64, -170, -153, -187 
-64, -170, -153, -187 
-64, -10, -223, -256 
-146, -240, -223, -256 
-146, -240, -223, -256 
-146, -240, -223, -256 
-146, -240, -223, -256 
-146, -240, -223, -256 
-146, -240, -223, -256 
-146, -240, -223, -256 
-146, -240, -223, -256 
-146, -240, -223, -256 
-146, -240, -223, -256 
-146, -240, -223, -256 
-146, -240, -223, -256 
-146, -240, -223, -256 
-146, -240, -223, -256 8, -380, -409 
-291, -398, -380, -409 
-291, -398, -380, -409 
-291, -398, -380, -409 
-291, -398, -380, -409 
-291, -398, -380, -409 
-291, -398, -380, -409 
-291, -398, -380, -409 
-291, -398, -380, -409 
-291, -398, -380, -409 
-291, -398, -380, -409 
-291, -398, -380, -409 
-291, -398, -380, -409 
-291, -398, -380, -409 
-291, -398, -380, -409 8, -470, -485 
-381, -488, -470, -485 
-381, -488, -470, -485 
-381, -488, -470, -485 
-381, -488, -470, -485 
-381, -488, -470, -485 
-381, -488, -470, -485 
-381, -488, -470, -485 
-381, -488, -470, -485 
-381, -488, -470, -485 
-381, -488, -470, -485 
-381, -488, -470, -485 
-381, -488, -470, -485 
-381, -488, -470, -485 
-381, -488, -470, -485 0, -635, -653 
-546, -570, -635, -653 
-546, -570, -635, -653 
-546, -570, -635, -653 
-546, -570, -635, -653 
-546, -666, -635, -653 
-546, -666, -635, -653 
-546, -666, -635, -653 
-546, -666, -635, -653 
-546, -666, -635, -653 
-546, -666, -635, -653 
-546, -666, -635, -653 
-546, -666, -635, -653 
-546, -666, -635, -653 
-546, -666, -635, -653 66, -739, -763 
-653, -766, -739, -763 
-653, -766, -739, -763 
-653, -766, -739, -763 
-653, -766, -739, -763 
-653, -766, -739, -763 
-653, -766, -739, -763 
-653, -766, -739, -763 
-653, -766, -739, -763 
-653, -766, -739, -763 
-653, -766, -739, -763 
-653, -766, -739, -763 
-653, -766, -739, -763 
-653, -766, -739, -763 
-653, -766, -739, -76306, -1023 
-818, -939, -906, -1023 
-818, -939, -906, -1023 
-818, -939, -906, -1023 
-818, -939, -906, -1023 
-818, -939, -906, -1023 
-818, -939, -906, -1023 
-818, -939, -906, -1023 
-818, -939, -906, -1023 
-818, -939, -906, -1023 
-818, -939, -906, -1023 
-818, -939, -906, -1023 
-818, -939, -906, -1023 
-818, -939, -906, -1023 
-818, -939, -91 
-997, -1124, -1085, -1201 
-997, -1124, -1085, -1201 
-997, -1124, -1085, -1201 
-997, -1124, -1085, -1201 
-997, -1124, -1085, -1201 
-997, -1124, -1085, -1201 
-997, -1124, -1085, -1201 
-997, -1124, -1085, -1201 
-1100, -1124, -1186, -1201 
-1100, -1124, -1186, -1201 
-1100, -1124, -1186, -1201 
-1100, -1124, -1186, -1201 
-1100, -1124, -1186, -1388, -1349, -1374 
-1265, -1388, -1349, -1374 
-1265, -1388, -1349, -1374 
-1265, -1388, -1349, -1374 
-1265, -1388, -1349, -1374 
-1265, -1388, -1349, -1455 
-1265, -1388, -1349, -1455 
-1265, -1388, -1349, -1455 
-1265, -1388, -1349, -1455 
-1265, -1388, -1349, -1455 
-1265, -1388, -1349, -1455 
-1265, -1388, -1349, -1455 
-1265, -1388, -1349, -1655, -1605, -1630 
-1526, -1655, -1605, -1630 
-1526, -1655, -1605, -1630 
-1526, -1655, -1605, -1630 
-1526, -1655, -1605, -1630 
-1526, -1655, -1605, -1630 
-1526, -1655, -1605, -1630 
-1526, -1655, -1605, -1630 
-1526, -1655, -1605, -1630 
-1526, -1655, -1605, -16-46 
-11, -75, -47, -46 
-11, -75, -47, -46 
-11, -75, 14, -40, -37 
31, -14, -40, -37 
31, -14, -40, -37 
31, -14, -40, -37 
31, -14, -40, -37 
31, -14, -40, -16 
31, -14, -40, -16 
31, -14, -40, -16 
31, -14, -40, -16 
31, -14, -40, -16 
31, -14, -40, -16 
31, -14, -40, -16 
31, -14, -40, -16 
31, -14, -40, -16 
31, -14, -40, -16 
31, -14, -40, -16 
31, -14, -40, -16 
31, -14, -40, -16 
31, -14, -40,120, 92, 48, 95 
120, 92, 48, 95 
120, 92, 48, 95 
120, 92, 48, 95 
120, 92, 48, 95 
120, 92, 48, 95 
120, 92, 48, 95 
120, 92, 48, 95 
120, 92, 48, 95 
120, 92, 48, 95 
120, 92, 48, 95 
120, 92, 48, 95 
120, 92, 48, 95 
120, 92, 48, 95 
120, 92, 48, 95 
120, 92, 48, 95 
177, 92, 100, 95 
177, 92, 100, 95 
177, 92, 100, 95 
177, 92, 100, 95 
177, 962, 236, 184, 264 
262, 236, 184, 264 
262, 236, 184, 264 
262, 236, 184, 264 
262, 236, 184, 264 
262, 236, 184, 264 
262, 236, 184, 264 
262, 236, 184, 264 
262, 236, 184, 264 
262, 236, 184, 264 
262, 236, 184, 264 
262, 236, 184, 264 
348, 236, 270, 264 
348, 236, 270, 264 
348, 236, 270, 264 
348, 236, 270, 264 
348, 236, 270, 264 
348, 236, 211, 477, 431, 501 
511, 477, 431, 501 
511, 477, 431, 501 
511, 477, 431, 501 
511, 477, 431, 501 
511, 477, 431, 501 
511, 477, 431, 501 
511, 477, 431, 501 
511, 477, 431, 501 
511, 477, 431, 501 
511, 477, 431, 501 
511, 477, 431, 501 
511, 477, 431, 501 
594, 477, 514, 501 
594, 477, 514, 501 
594, 477, 514, 501 
594, 477, 514, 501 
594, 477, 594, 558, 514, 593 
594, 558, 514, 593 
594, 558, 514, 593 
594, 558, 514, 593 
594, 558, 514, 593 
594, 558, 514, 593 
594, 558, 514, 593 
594, 558, 514, 593 
594, 558, 514, 593 
594, 558, 514, 593 
594, 558, 514, 593 
697, 558, 616, 593 
697, 558, 616, 593 
697, 558, 616, 593 
697, 558, 616, 593 
697, 558, 616, 593 
697, 558, 616, 593 
697, 558, 6 684 
787, 747, 708, 684 
787, 747, 708, 684 
787, 747, 708, 784 
787, 747, 708, 784 
787, 747, 708, 784 
787, 747, 708, 784 
787, 747, 708, 784 
787, 747, 708, 784 
787, 747, 708, 784 
787, 747, 708, 784 
787, 747, 708, 784 
787, 747, 708, 784 
787, 747, 708, 784 
787, 747, 708, 784 
787, 747, 708, 784 
787, 747, 708, 784 
787, 747, 708, 784 
787,884, 872 
962, 917, 884, 872 
962, 917, 884, 872 
962, 917, 884, 872 
962, 917, 884, 872 
962, 917, 884, 872 
962, 917, 884, 872 
962, 917, 884, 957 
962, 917, 884, 957 
962, 917, 884, 957 
962, 917, 884, 957 
962, 917, 884, 957 
962, 917, 884, 957 
962, 917, 884, 957 
962, 917, 884, 957 
962, 917, 884, 957 
962, 917, 884, 957 
962, 917, 884, 957 
 1005, 970, 1049 
1044, 1005, 970, 1049 
1044, 1005, 970, 1049 
1044, 1005, 970, 1049 
1133, 1005, 1060, 1049 
1133, 1005, 1060, 1049 
1133, 1005, 1060, 1049 
1133, 1005, 1060, 1049 
1133, 1005, 1060, 1049 
1133, 1005, 1060, 1049 
1133, 1005, 1060, 1049 
1133, 1005, 1060, 1049 
1133, 1005, 1060, 1049 
1133, 1005, 1060, 1049 
1133, 1005, 1060, 1049 2, 1060, 1152 
1133, 1102, 1060, 1152 
1133, 1102, 1060, 1152 
1133, 1102, 1060, 1152 
1133, 1102, 1060, 1152 
1133, 1102, 1060, 1152 
1227, 1102, 1158, 1152 
1227, 1102, 1158, 1152 
1227, 1102, 1158, 1152 
1227, 1102, 1158, 1152 
1227, 1102, 1158, 1152 
1227, 1102, 1158, 1152 
1227, 1102, 1158, 1152 
1227, 1102, 1158, 1152 
1227, 1188, 1158, 1152 6, 1332, 1327 
1399, 1366, 1332, 1327 
1399, 1366, 1332, 1327 
1399, 1366, 1332, 1327 
1399, 1366, 1332, 1327 
1399, 1366, 1332, 1327 
1399, 1366, 1332, 1327 
1399, 1366, 1332, 1327 
1399, 1366, 1332, 1327 
1399, 1366, 1332, 1327 
1399, 1366, 1332, 1327 
1399, 1366, 1332, 1327 
1399, 1366, 1332, 1327 
1399, 1366, 1332, 1327 
1399, 1366, 1332, 1327 6, 1496, 1485 
1563, 1526, 1496, 1578 
1563, 1526, 1496, 1578 
1563, 1526, 1496, 1578 
1563, 1526, 1496, 1578 
1563, 1526, 1496, 1578 
1563, 1526, 1496, 1578 
1563, 1526, 1496, 1578 
1563, 1526, 1496, 1578 
1563, 1526, 1496, 1578 
1563, 1526, 1496, 1578 
1563, 1526, 1496, 1578 
1563, 1526, 1496, 1578 
1563, 1526, 1496, 1578 
1563, 1526, 1496, 1578 7, 1765, 1756 
1829, 1707, 1765, 1756 
1829, 1707, 1765, 1756 
1829, 1707, 1765, 1756 
1829, 17, 2418, 2418 
2472, 2437, 2418, 2418 
2472, 2437, 24186, 2510, 2504 
2567, 2526, 2510, 2504 
2567, 2526, 2510, 2504 
2567, 2526, 2510, 2504 
2567, 2526, 2510, 2504 
2567, 2526, 2510, 2504 
2567, 2526, 2510, 2504 
2567, 2526, 2510, 2504 
2567, 2526, 2510, 2504 
2567, 2526, 2510, 2504 
2567, 2526, 2510, 2504 
2567, 2526, 2510, 2504 
2567, 2526, 2510, 2504 
2567, 2526, 2510, 2504 
2567, 2526, 2510, 2504 9, 2822, 2817 
2879, 2759, 2822, 2817 
2879, 2759, 2822, 2817 
2879, 2759, 2822, 2817 
2879, 2759, 2822, 2817 
2879, 2832, 2822, 2817 
2879, 2832, 2822, 2817 
2879, 2832, 2822, 2817 
2879, 2832, 2822, 2817 
2879, 2832, 2822, 2817 
2879, 2832, 2822, 2817 
2879, 2832, 2822, 2817 
2879, 2832, 2822, 2817 
2879, 2832, 2822, 2817 
2879, 2832, 2822, 2817 6, 2987, 2981 
3042, 2996, 2987, 2981 
3042, 2996, 2987, 2981 
3042, 2996, 2987, 2981 
3042, 2996, 2987, 2981 
3042, 2996, 2987, 2981 
3042, 2996, 2987, 2981 
3042, 2996, 2987, 2981 
3042, 2996, 2987, 2981 
3042, 2996, 2987, 2981 
3042, 2996, 2987, 2981 
3042, 2996, 2987, 2981 
3042, 2996, 2987, 2981 
3042, 2996, 2987, 2981 
3042, 2996, 2987, 2981 4, 3229, 3220 
3277, 3234, 3229, 3220 
3277, 3234, 3229, 3220 
3277, 3234, 3229, 3220 
3277, 3234, 3229, 3220 
3277, 3234, 3229, 3220 
3277, 3234, 3229, 3220 
3277, 3234, 3229, 3220 
3277, 3234, 3229, 3220 
3277, 3234, 3229, 3220 
3277, 3234, 3229, 3220 
3277, 3234, 3229, 3220 
3277, 3234, 3229, 3220 
3277, 3234, 3229, 3220 
3277, 3234, 3229, 3220 2, 3301, 3296 
3347, 3302, 3301, 3296 
3347, 3302, 3301, 3296 
3347, 3302, 3301, 3296 
3347, 3302, 3301, 3296 
3347, 3302, 3301, 3296 
3347, 3302, 3301, 3376 
3347, 3302, 3301, 3376 
3347, 3302, 3301, 3376 
3347, 3302, 3301, 3376 
3347, 3302, 3301, 3376 
3347, 3302, 3301, 3376 
3347, 3302, 3301, 3376 
3347, 3302, 3301, 3376 
3347, 3302, 3301, 3376 2, 3390, 3376 
3431, 3391, 3390, 3376 
3431, 3391, 3390, 3376 
3431, 3391, 3390, 3376 
3431, 3391, 3390, 3376 
3431, 3391, 3390, 3376 
3431, 3391, 3390, 3376 
3431, 3391, 3390, 3376 
3431, 3391, 3390, 3376 
3431, 3391, 3390, 3376 
3431, 3391, 3390, 3376 
3431, 3391, 3390, 3376 
3431, 3391, 3390, 3376 
3431, 3391, 3390, 3376 
3431, 3391, 3390, 3376 
3431, 3391, 3390, 3376 
3431, 3391, 3390, 3376 
3431, 3391, 3390, 3376 
3431, 3391, 3390, 3376 
3431, 3391, 3390, 3376 
3431, 3391, 3390, 3376 
3431, 3391, 3390, 3376 
3431, 3391, 3390, 3376 
3431, 3391, 3390, 3376 
3431, 3391, 3390, 3376 
3431, 3391, 3390, 3376 
3431, 3391, 3390, 3458 
3431, 3391, 3390, 3458 
3431, 3391, 3390, 3458 
3431, 3391, 3390, 3458 
3431, 3391, 3390, 3458 
3431, 3391, 3390, 3458 
3431, 3391, 3390, 3458 
3431, 3391, 3390, 3458 
3431, 3391, 3390, 3458 
3431, 3391, 3390, 3458 
3431, 3391, 3390, 3458 
3431, 3391, 3390, 3458 
3431, 3391, 3390, 3458 
3431, 3391, 3390, 3458 
3431, 3391, 3390, 3458 
3431, 3391, 3390, 3458 
3431, 3391, 3390, 3458 
3431, 3391, 3390, 3458 
3431, 3391, 3390, 3458 
3431, 3391, 3390, 3458 
3431, 3391, 3390, 3458 
3517, 3391, 3477, 3458 
3517, 3391, 3477, 3458 
3517, 3391, 3477, 3458 
3517, 3391, 3477, 3458 
3517, 3391, 3477, 3458 
3517, 3391, 3477, 3458 
3517, 3391, 3477, 3458 
3517, 3391, 3477, 3458 
3517, 3391, 3477, 3458 
3517, 3391, 3477, 3458 
3517, 3480, 3477, 3458 
3517, 3480, 3477, 3458 
3517, 3480, 3477, 3458 
3517, 3480, 3477, 3458 
3517, 3480, 3477, 3458 
3517, 3480, 3477, 3458 
3517, 3480, 3477, 3458 
3517, 3480, 3477, 3458 
3517, 3480, 3477, 3458 
3517, 3480, 3477, 3458 
3517, 3480, 3477, 3458 
3517, 3480, 3477, 3458 
3517, 3480, 3477, 3458 
3517, 3480, 3477, 3458 
3517, 3480, 3477, 3458 
3517, 3480, 3477, 3458 
3517, 3480, 3477, 3458 
3517, 3480, 3477, 3458 
3517, 3480, 3477, 3458 
3517, 3480, 3477, 3458 
3517, 3480, 3477, 3542 
3517, 3480, 3477, 3542 
3517, 3480, 3477, 3542 
3517, 3480, 3477, 3542 
3517, 3480, 3477, 3542 
3517, 3480, 3477, 3542 
3517, 3480, 3477, 3542 
3517, 3480, 3477, 3542 
3517, 3480, 3477, 3542 
3517, 3480, 3477, 3542 
3517, 3480, 3477, 3542 
3517, 3480, 3477, 3542 
3517, 3480, 3477, 3542 
3517, 3480, 3477, 3542 
3589, 3480, 3548, 3542 
3589, 3480, 3548, 3542 
3589, 3480, 3548, 3542 
3589, 3480, 3548, 3542 
3589, 3480, 3548, 3542 
3589, 3480, 3548, 3542 
3589, 3480, 3548, 3542 
3589, 3480, 3548, 3542 
3589, 3554, 3548, 3542 
3589, 3554, 3548, 3542 
3589, 3554, 3548, 3542 
3589, 3554, 3548, 3542 
3589, 3554, 3548, 3542 
3589, 3554, 3548, 3542 
3589, 3554, 3548, 3542 
3589, 3554, 3548, 3542 
3589, 3554, 3548, 3542 
3589, 3554, 3548, 3542 
3589, 3554, 3548, 3542 
3589, 3554, 3548, 3542 
3589, 3554, 3548, 3542 
3589, 3554, 3548, 3542 
3589, 3554, 3548, 3542 
3589, 3554, 3548, 3542 
3589, 3554, 3548, 3542 
3589, 3554, 3548, 3542 
3589, 3554, 3548, 3542 
3589, 3554, 3548, 3542 
3589, 3554, 3548, 3542 
3589, 3554, 3548, 3542 
3589, 3554, 3548, 3542 
3589, 3554, 3548, 3542 
3589, 3554, 3548, 3542 
3589, 3554, 3548, 3617 
3589, 3554, 3548, 3617 
3589, 3554, 3548, 3617 
3589, 3554, 3548, 3617 
3589, 3554, 3548, 3617 
3589, 3554, 3548, 3617 
3589, 3554, 3548, 3617 
3589, 3554, 3548, 3617 
3589, 3554, 3548, 3617 
3589, 3554, 3548, 3617 
3589, 3554, 3548, 3617 
3589, 3554, 3548, 3617 
3589, 3554, 3548, 3617 
3667, 3554, 3626, 3617 
3667, 3554, 3626, 3617 
3667, 3554, 3626, 3617 
3667, 3554, 3626, 3617 
3667, 3554, 3626, 3617 
3667, 3554, 3626, 3617 
3667, 3554, 3626, 3617 
3667, 3554, 3626, 3617 
3667, 3626, 3626, 3617 
3667, 3626, 3626, 3617 
3667, 3626, 3626, 3617 
3667, 3626, 3626, 3617 
3667, 3626, 3626, 3617 
3667, 3626, 3626, 3617 
3667, 3626, 3626, 3617 
3667, 3626, 3626, 3617 
3667, 3626, 3626, 3617 
3667, 3626, 3626, 3617 
3667, 3626, 3626, 3617 
3667, 3626, 3626, 3617 
3667, 3626, 3626, 3617 
3667, 3626, 3626, 3617 
3667, 3626, 3626, 3617 
3667, 3626, 3626, 3617 
3667, 3626, 3626, 3617 
3667, 3626, 3626, 3617 
3667, 3626, 3626, 3617 
3667, 3626, 3626, 3617 
3667, 3626, 3626, 3617 
3667, 3626, 3626, 3617 
*************************
0, 0, 0, 0 
0, 0, 0, 0 
0, 0, 0, 0 
0, 0, 0, 0 
0, 0, 0, 0 
0, 0, 0, 0 
0, 0, 0, 0 
0, 0, 0, 0 
0, 0, 0, 0 
0, 0, 0, 0 
0, 0, 0, 0 
0, 0, 0, 0 
0, 0, 0, 0 
0, 0, 0, 0 
0, 0, 0, 0 
0, 0, 0, 0 
0, 0, 0, 0 
0, 0, 0, 0 
0, 0, 0, 0 
0, 0, 0, 0 
0, 0, 0, 0 
0, 0, 0, 0 
0, 0, 0, 0 
0, 0, 0, 0 
0, 0, 0, 0 
0, 0, 0, 0 
0, 0, 0, 0 
0, 0, 0, 0 
0, 0, 0, 0 
0, 0, 0, 0 
0, 0, 0, 0 
0, 0, 0, 0 
0, 0, 0, 0 
0, 0, 0, 0 
0, 0, 0, 0 
0, 0, 0, 0 
0, 0, 0, 0 
0, 0, 0, 0 
0, 0, 0, 0 
0, 0, 0, 0 
0, 0, 0, 0 
0, 0, 0, 0 
0, 0, 0, 0 
0, 0, 0, 0 
0, 0, 0, 0 
0, 0, 0, 0 
0, 0, 0, 0 
0, 0, 0, 0 
0, 0, 0, 0 
0, 0, 0, 0 
0, 0, 0, 0 
0, 0, 0, 0 
0, 0, 0, 0 
0, 0, 0, 0 
0, 0, 0, 0 
9 
594, 20, 23, 519 
594, 20, 23, 519 
594, 20, 23, 5195 
675, 24, 29, 595 
675, 24, 29, 595 
675, 24, 29, 595 
675, 24, 29, 595 
675, 24, 29, 595 
675, 28, 29, 595 
675, 28, 29, 595 
675, 28, 29, 595 
675, 28, 29, 595 
675, 28, 29, 595 
675, 28, 29, 595 
675, 28, 29, 595 
675, 28, 29, 595 
675, 28, 29, 595 
675, 28, 29, 595 
675, 28, 29, 595 
675, 28, 29, 595 
675, 28, 29, 595 
675, 28, 29, 595 
675, , 36, 689 
765, 34, 36, 689 
765, 34, 36, 770 
765, 34, 36, 770 
765, 34, 36, 770 
765, 34, 36, 770 
765, 34, 36, 770 
765, 34, 36, 770 
765, 34, 36, 770 
765, 34, 36, 770 
765, 34, 36, 770 
765, 34, 36, 770 
765, 34, 36, 770 
765, 34, 36, 770 
765, 34, 36, 770 
765, 34, 36, 770 
765, 34, 36, 770 
765, 34, 36, 770 
765, 34, 36, 770 
765, 34, 36, 77, 854 
935, 38, 46, 854 
935, 38, 46, 854 
935, 38, 46, 854 
935, 38, 46, 854 
935, 38, 46, 854 
935, 38, 46, 854 
935, 38, 46, 854 
935, 38, 46, 854 
935, 38, 46, 854 
935, 38, 46, 854 
935, 38, 46, 854 
935, 38, 46, 854 
935, 38, 46, 854 
935, 38, 46, 854 
935, 38, 46, 854 
935, 38, 46, 854 
935, 45, 46, 854 
935, 45, 46, 854 
935, 45, 46, 854 
9102, 54, 56, 1030 
1102, 54, 56, 1030 
1102, 54, 56, 1030 
1102, 54, 56, 1030 
1102, 54, 56, 1030 
1102, 54, 56, 1030 
1102, 54, 56, 1030 
1102, 54, 56, 1030 
1102, 54, 56, 1030 
1102, 54, 56, 1030 
1102, 54, 56, 1030 
1102, 54, 56, 1115 
1102, 54, 56, 1115 
1102, 54, 56, 1115 
1102, 54, 56, 1115 
1102, 54, 56, 1115 
1102, 54, 56, 1115 
1102, 54, 5292, 63, 68, 1293 
1292, 63, 68, 1293 
1292, 63, 68, 1293 
1375, 63, 74, 1293 
1375, 63, 74, 1293 
1375, 63, 74, 1293 
1375, 63, 74, 1293 
1375, 63, 74, 1293 
1375, 63, 74, 1293 
1375, 63, 74, 1293 
1375, 63, 74, 1293 
1375, 67, 74, 1293 
1375, 67, 74, 1293 
1375, 67, 74, 1293 
1375, 67, 74, 1293 
1375, 67, 74, 1293 
1375, 67, 74, 1293 
1375, 67, 785, 1464 
1556, 75, 85, 1464 
1556, 75, 85, 1464 
1556, 75, 85, 1464 
1556, 75, 85, 1464 
1556, 75, 85, 1464 
1556, 75, 85, 1464 
1556, 75, 85, 1464 
1556, 75, 85, 1464 
1556, 75, 85, 1464 
1556, 75, 85, 1464 
1556, 75, 85, 1464 
1556, 75, 85, 1464 
1556, 75, 85, 1464 
1556, 75, 85, 1464 
1556, 75, 85, 1464 
1556, 75, 85, 1464 
1556, 75, 85, 1464 
99, 1643 
1737, 83, 99, 1643 
1737, 83, 99, 1643 
1737, 83, 99, 1643 
1737, 83, 99, 1643 
1737, 83, 99, 1643 
1737, 83, 99, 1643 
1737, 83, 99, 1724 
1737, 83, 99, 1724 
1737, 83, 99, 1724 
1737, 83, 99, 1724 
1737, 83, 99, 1724 
1737, 83, 99, 1724 
1737, 83, 99, 1724 
1737, 83, 99, 1724 
1737, 83, 99, 1724 
1737, 83, 99, 1724 
1737, 83, 99, 1724 
4, 1802 
1906, 88, 114, 1802 
1906, 88, 114, 1802 
1906, 88, 114, 1802 
1906, 88, 114, 1802 
1906, 88, 114, 1802 
1906, 88, 114, 1802 
1906, 88, 114, 1802 
1906, 88, 114, 1802 
1906, 88, 114, 1802 
1906, 88, 114, 1802 
1906, 88, 114, 1802 
1906, 88, 114, 1802 
1906, 88, 114, 1802 
1906, 88, 114, 1802 
1906, 88, 114, 1802 
1906, 88, 114, 1802 
1906,8, 1981 
2081, 90, 128, 1981 
2081, 90, 128, 2065 
2081, 90, 128, 2065 
2081, 90, 128, 2065 
2081, 90, 128, 2065 
2081, 90, 128, 2065 
2081, 90, 128, 2065 
2081, 90, 128, 2065 
2081, 90, 128, 2065 
2081, 90, 128, 2065 
2081, 90, 128, 2065 
2081, 90, 128, 2065 
2081, 90, 128, 2065 
2081, 90, 128, 2065 
2081, 90, 128, 2065 
2081, 90, 128, 2065 
2081,4, 2163 
2181, 90, 134, 2163 
2181, 90, 134, 2163 
2181, 90, 134, 2163 
2181, 90, 134, 2163 
2181, 90, 134, 2163 
2181, 90, 134, 2163 
2181, 90, 134, 2163 
2181, 90, 134, 2163 
2181, 90, 134, 2163 
2181, 90, 134, 2163 
2181, 90, 134, 2163 
2181, 90, 134, 2163 
2181, 90, 134, 2163 
2181, 90, 134, 2163 
2181, 90, 134, 2163 
2181, 90, 134, 2163 
2271,5, 2243 
2359, 90, 145, 2243 
2359, 90, 145, 2243 
2359, 90, 145, 2243 
2359, 90, 145, 2243 
2359, 90, 145, 2243 
2359, 90, 145, 2243 
2359, 90, 145, 2243 
2359, 90, 145, 2243 
2359, 90, 145, 2243 
2359, 91, 145, 2243 
2359, 91, 145, 2243 
2359, 91, 145, 2243 
2359, 91, 145, 2243 
2359, 91, 145, 2243 
2359, 91, 145, 2243 
2359, 91, 145, 2243 
2359,1, 2344 
2458, 91, 151, 2344 
2458, 91, 151, 2344 
2458, 91, 151, 2344 
2458, 91, 151, 2344 
27, 3167 
3315, 93, 187, 3167 
3315, 93, 187, 3167 
33150, 3250 
3400, 93, 190, 3250 
3400, 93, 190, 3250 
3400, 93, 190, 3250 
3400, 93, 190, 3250 
3400, 93, 190, 3250 
3400, 93, 190, 3250 
3400, 93, 190, 3250 
3400, 93, 190, 3250 
3400, 93, 190, 3250 
3400, 93, 190, 3250 
3400, 93, 190, 3250 
3400, 93, 190, 3250 
3400, 93, 190, 3250 
3400, 93, 190, 3250 
3400, 93, 190, 3250 
3400, 93, 190, 3250 
3400,6, 3437 
3598, 93, 196, 3437 
3598, 93, 196, 3437 
3598, 93, 196, 3437 
3598, 93, 196, 3437 
3598, 93, 196, 3437 
3598, 93, 196, 3437 
3598, 93, 196, 3437 
3598, 93, 196, 3437 
3598, 93, 196, 3437 
3598, 93, 196, 3437 
3598, 93, 196, 3437 
3598, 93, 196, 3521 
3598, 93, 196, 3521 
3598, 93, 196, 3521 
3598, 93, 196, 3521 
3598, 93, 196, 3521 
3598,701, 93, 201, 3521 
3701, 93, 201, 3521 
3701, 93, 201, 3521 
3701, 93, 201, 3521 
3701, 93, 201, 3521 
3701, 93, 201, 3521 
3701, 93, 201, 3521 
3701, 93, 201, 3521 
3701, 93, 201, 3521 
3701, 93, 201, 3521 
3701, 93, 201, 3521 
3701, 93, 201, 3521 
3701, 93, 201, 3521 
3701, 93, 201, 3521 
3701, 93, 201, 3630 
3701, 93, 201, 3630 
3701, 93, 201, 96, 202, 3715 
3800, 96, 202, 3715 
3800, 96, 202, 3715 
3800, 96, 202, 3715 
3800, 96, 202, 3715 
3800, 96, 202, 3715 
3800, 96, 202, 3715 
3800, 96, 202, 3715 
3800, 96, 202, 3715 
3800, 96, 202, 3715 
3800, 96, 202, 3715 
3800, 96, 202, 3715 
3800, 96, 202, 3715 
3800, 96, 202, 3715 
3863, 96, 202, 3715 
3863, 96, 202, 3715 
3863, 96, 202, 3715 , 99, 202, 3800 
3863, 99, 202, 3800 
3863, 99, 202, 3800 
3863, 99, 202, 3800 
3863, 99, 202, 3800 
3863, 99, 202, 3800 
3863, 99, 202, 3800 
3863, 99, 202, 3800 
3934, 99, 202, 3800 
3934, 99, 202, 3800 
3934, 99, 202, 3800 
3934, 99, 202, 3800 
3934, 99, 202, 3800 
3934, 99, 202, 3800 
3934, 99, 202, 3800 
3934, 99, 202, 3800 
3934, 99, 202, 380 103, 192, 3934 
4096, 103, 192, 3986 
4096, 103, 192, 3986 
4096, 103, 192, 3986 
4096, 103, 192, 3986 
4096, 103, 192, 3986 
4096, 103, 192, 3986 
4096, 103, 192, 3986 
4096, 103, 192, 3986 
4096, 103, 192, 3986 
4096, 103, 192, 3986 
4096, 103, 192, 3986 
4096, 103, 192, 3986 
4096, 103, 192, 3986 
4096, 103, 192, 3986 
4096, 103, 192, 3986 
409 102, 183, 4112 
4270, 102, 183, 4112 
4270, 102, 183, 4112 
4270, 102, 183, 4112 
4270, 102, 183, 4112 
4270, 102, 183, 4112 
4270, 102, 183, 4112 
4270, 102, 183, 4112 
4270, 102, 183, 4112 
4270, 102, 183, 4112 
4270, 102, 183, 4112 
4270, 102, 183, 4112 
4270, 102, 183, 4112 
4270, 102, 183, 4112 
4270, 102, 183, 4112 
4270, 102, 183, 4112 
427 100, 183, 4182 
4416, 100, 183, 4182 
4416, 100, 183, 4182 
4416, 100, 183, 4182 
4416, 100, 183, 4182 
4416, 100, 183, 4182 
4416, 100, 183, 4182 
4416, 100, 183, 4182 
4416, 100, 183, 4242 
4416, 100, 183, 4242 
4416, 100, 183, 4242 
4416, 100, 183, 4242 
4416, 100, 183, 4242 
4416, 100, 183, 4242 
4416, 100, 183, 4242 
4416, 100, 183, 4242 
441 100, 182, 4366 
4642, 100, 182, 4366 
4642, 100, 182, 4366 
4642, 100, 182, 4366 
4642, 100, 182, 4366 
4642, 100, 182, 4366 
4642, 100, 182, 4366 
4642, 100, 182, 4366 
4642, 100, 182, 4366 
4642, 100, 182, 4366 
4642, 100, 182, 4366 
4642, 100, 182, 4366 
4642, 100, 182, 4366 
4642, 100, 182, 4366 
4642, 100, 182, 4366 
4642, 100, 182, 4366 
464 100, 182, 4485 
4794, 100, 182, 4485 
4794, 100, 182, 4485 
4794, 100, 182, 4485 
4794, 100, 182, 4485 
4794, 100, 182, 4485 
4794, 100, 182, 4555 
4794, 100, 182, 4555 
4794, 100, 182, 4555 
4794, 100, 182, 4555 
4794, 100, 182, 4555 
4794, 100, 182, 4555 
4794, 100, 182, 4555 
4794, 100, 182, 4555 
4794, 100, 182, 4555 
4794, 100, 182, 4555 
479 100, 182, 4555 
4870, 100, 182, 4555 
4870, 100, 182, 4619 
4870, 100, 182, 4619 
4870, 100, 182, 4619 
4870, 100, 182, 4619 
4870, 100, 182, 4619 
4870, 100, 182, 4619 
4870, 100, 182, 4619 
4870, 100, 182, 4619 
4870, 100, 182, 4619 
4870, 100, 182, 4619 
4870, 100, 182, 4619 
4870, 100, 182, 4619 
4870, 100, 182, 4619 
4870, 100, 182, 4619 
487 100, 182, 4681 
4950, 100, 182, 4681 
4950, 100, 182, 4681 
4950, 100, 182, 4681 
4950, 100,  100, 182, 5235 
5619, 100, 182, 5235 
5619, 100, 182,  100, 182, 5293 
5768, 100, 182, 5293 
5768, 100, 182, 5293 
5768, 100, 182, 5293 
5768, 100, 182, 5293 
5768, 100, 182, 5293 
5768, 100, 182, 5293 
5768, 100, 182, 5293 
5768, 100, 182, 5293 
5768, 100, 182, 5293 
5768, 100, 182, 5293 
5768, 100, 182, 5293 
5768, 100, 182, 5293 
5768, 100, 182, 5293 
5768, 100, 182, 5293 
5768, 100, 182, 5293 
576 100, 182, 5423 
5928, 100, 182, 5423 
5928, 100, 182, 5423 
5928, 100, 182, 5423 
5928, 100, 182, 5423 
5928, 100, 182, 5423 
5928, 100, 182, 5423 
5928, 100, 182, 5423 
5928, 100, 182, 5423 
5928, 100, 182, 5423 
5928, 100, 182, 5423 
5928, 100, 182, 5423 
5928, 100, 182, 5423 
5928, 100, 182, 5423 
5928, 100, 182, 5423 
5928, 100, 182, 5423 
592 100, 182, 5553 
6001, 100, 182, 5553 
6001, 100, 182, 5553 
6077, 100, 182, 5553 
6077, 100, 182, 5553 
6077, 100, 182, 5553 
6077, 100, 182, 5553 
6077, 100, 182, 5553 
6077, 100, 182, 5553 
6077, 100, 182, 5553 
6077, 100, 182, 5553 
6077, 100, 182, 5553 
6077, 100, 182, 5553 
6077, 100, 182, 5553 
6077, 100, 182, 5553 
6077, 100, 182, 5553 
607 100, 182, 5605 
6146, 100, 182, 5605 
6146, 100, 182, 5605 
6146, 100, 182, 5605 
6146, 100, 182, 5605 
6146, 100, 182, 5605 
6146, 100, 182, 5605 
6146, 100, 182, 5605 
6146, 100, 182, 5605 
6146, 100, 182, 5605 
6146, 100, 182, 5605 
6146, 100, 182, 5605 
6146, 100, 182, 5605 
6146, 100, 182, 5605 
6146, 100, 182, 5605 
6146, 100, 182, 5605 
614 100, 182, 5663 
6225, 100, 182, 5663 
6225, 100, 182, 5663 
6225, 100, 182, 5663 
6225, 100, 182, 5663 
6225, 100, 182, 5663 
6225, 100, 182, 5663 
6225, 100, 182, 5663 
6225, 100, 182, 5663 
6225, 100, 182, 5663 
6225, 100, 182, 5663 
6225, 100, 182, 5663 
6225, 100, 182, 5663 
6225, 100, 182, 5663 
6225, 100, 182, 5663 
6225, 100, 182, 5663 
622 100, 182, 5740 
6307, 100, 182, 5740 
6307, 100, 182, 5740 
6307, 100, 182, 5740 
6307, 100, 182, 5798 
6307, 100, 182, 5798 
6307, 100, 182, 5798 
6307, 100, 182, 5798 
6307, 100, 182, 5798 
6307, 100, 182, 5798 
6307, 100, 182, 5798 
6307, 100, 182, 5798 
6307, 100, 182, 5798 
6307, 100, 182, 5798 
6307, 100, 182, 5798 
6307, 100, 182, 5798 
630 100, 182, 5859 
6377, 100, 182, 5859 
6377, 100, 182, 5859 
6377, 100, 182, 5859 
6377, 100, 182, 5859 
6377, 100, 182, 5859 
6377, 100, 182, 5859 
6377, 100, 182, 5859 
6377, 100, 182, 5859 
6377, 100, 182, 5859 
6377, 100, 182, 5859 
6377, 100, 182, 5859 
6377, 100, 182, 5859 
6377, 100, 182, 5859 
6377, 100, 182, 5859 
6450, 100, 182, 5859 
645 100, 182, 5983 
6522, 100, 182, 5983 
6522, 100, 182, 5983 
6589, 100, 182, 5983 
6589, 100, 182, 5983 
6589, 100, 182, 5983 
6589, 100, 182, 5983 
6589, 100, 182, 5983 
6589, 100, 182, 5983 
6589, 100, 182, 5983 
6589, 100, 182, 5983 
6589, 100, 182, 5983 
6589, 100, 182, 5983 
6589, 100, 182, 5983 
6589, 100, 182, 5983 
6589, 100, 182, 5983 
658 100, 182, 6109 
6745, 100, 182, 6109 
6745, 100, 182, 6109 
6745, 100, 182, 6109 
6745, 100, 182, 6109 
6745, 100, 182, 6109 
6745, 100, 182, 6109 
6745, 100, 182, 6109 
6745, 100, 182, 6109 
6745, 100, 182, 6109 
6745, 100, 182, 6109 
6745, 100, 182, 6109 
6745, 100, 182, 6109 
6745, 100, 182, 6109 
6745, 100, 182, 6109 
6745, 100, 182, 6109 
674 100, 182, 6171 
6827, 100, 182, 6171 
6827, 100, 182, 6171 
6827, 100, 182, 6239 
6827, 100, 182, 6239 
6827, 100, 182, 6239 
6827, 100, 182, 6239 
6827, 100, 182, 6239 
6827, 100, 182, 6239 
6827, 100, 182, 6239 
6827, 100, 182, 6239 
6827, 100, 182, 6239 
6827, 100, 182, 6239 
6827, 100, 182, 6239 
6827, 100, 182, 6239 
6827, 100, 182, 6239 
682 100, 182, 6359 
7061, 100, 182, 6359 
7061, 100, 182, 6359 
7061, 100, 182, 6359 
7061, 100, 182, 6359 
7061, 100, 182, 6359 
7061, 100, 182, 6359 
7061, 100, 182, 6359 
7061, 100, 182, 6359 
7061, 100, 182, 6359 
7061, 100, 182, 6434 
7061, 100, 182, 6434 
7061, 100, 182, 6434 
7061, 100, 182, 6434 
7061, 100, 182, 6434 
7061, 100, 182, 6434 
706 100, 182, 6434 
7149, 100, 182, 6434 
7149, 100, 182, 6434 
7149, 100, 182, 6434 
7149, 100, 678, 100, 182, 6876 
7678, 100, 182, 6876 
7678, 100, 1 -9 
6, 0, 0, -9 
6, 0, 0, -9 
6, 0, 0, -9 
6, 0, 0, -9 
6, 0, 0, -9 
6, 0, 0, -9 
6, 0, 0, -9 
6, 0, 0, -9 
6, 0, 0, -9 
6, 0, 0, -9 
6, 0, 0, -9 
6, 0, 0, -9 
6, 0, 0, -9 
6, 0, 0, -9 
6, 0, 0, -9 
6, 0, 0, -9 
6, 0, 0, -9 
6, 0, 0, -9 
6, 0, 0, -9 
6, 0, 0, -9 
6, 0, 0, -9 
6, 0, 0, -9 
6, 0, 0, -9 
6, 0, 0, -9 
6, 0, 0, -9 
6, 0, 0, -9 
6, 0, 0, -9 
6, 0, 0, -9 
6, 0, 0, -9 
6, 0, 0, -9 
6, 0, 0, -9 
6, 0, 0, -9 
6, 0, 0, -9 
6, 0, 0, -9 
6, 0, 0, -9 
6, 0, 0, -9 
6, 0, 0, -9 
6, 0, 0, -9 
6, 0, 0, -9 
6, 0, 0, -9 
6, 0, 0, -9 
6, 0, 0, -9 
6, 0, 0, -9 
6, 0, 0, -9 
6, 0, 0, -9 
6, 0, 0, -9 
6, 0, 0, -9 
6, 0, 0, -9 
6, 0, 0, -9 
6, 0, 0, -11 
6, 0, 0, -11 
6, 0, 0, -11 
6, 0, 0, -11 
6, 0, 0, -11 
6, 0, 0, -11 
6, 0, 0, -11 
6, 0, 0, -11 
6, 0, 0, -11 
6, 0, 0, -11 
6, 0, 0, -11 
6, 0, 0, -11 
6, 0, 0, -11 
6, 0, 0, -11 
6, 0, 0, -11 
6, 0, 0, -11 
6, 0, 0, -11 
6, 0, 0, -11 
6, 0, 0, -11 
6, 0, 0, -11 
6, 0, 0, -11 
6, 0, 0, -11 
5, 0, -1, -11 
5, 0, -1, -11 
5, 0, -1, -11 
5, 0, -1, -11 
5, 0, -1, -11 
5, 0, -1, -11 
5, 0, -1, -11 
5, 0, -1, -11 
5, 0, -1, -11 
5, 0, -1, -11 
5, 0, -1, -11 
5, 0, -1, -11 
5, 0, -1, -11 
5, 0, -1, -11 
5, 0, -1, -11 
5, 0, -1, -11 
5, 0, -1, -11 
5, 0, -1, -11 
5, 0, -1, -11 
5, 0, -1, -11 
5, 0, -1, -11 
5, 0, -1, -11 
5, 0, -1, -11 
5, 0, -1, -11 
5, 0, -1, -11 
5, 0, -1, -11 
5, 0, -1, -11 
5, 0, -1, -11 
5, 0, -1, -11 
5, 0, -1, -11 
5, 0, -1, -11 
5, 0, -1, -11 
5, 0, -1, -11 
5, 0, -1, -11 
5, 0, -1, -11 
5, 0, -1, -11 
5, 0, -1, -11 
5, 0, -1, -11 
5, 0, -1, -11 
5, 0, -1, -11 
5, 0, -1, -11 
5, 0, -1, -11 
5, 0, -1, -11 
5, 0, -1, -11 
5, 0, -1, -11 
5, 0, -1, -11 
5, 0, -1, -11 
5, 0, -1, -11 
5, 0, -1, -24 
5, 0, -1, -24 
5, 0, -1, -24 
5, 0, -1, -24 
5, 0, -1, -24 
5, 0, -1, -24 
5, 0, -1, -24 
5, 0, -1, -24 
5, 0, -1, -24 
5, 0, -1, -24 
5, 0, -1, -24 
5, 0, -1, -24 
5, 0, -1, -24 
5, 0, -1, -24 
5, 0, -1, -24 
5, 0, -1, -24 
5, 0, -1, -24 
-26, 0, -33, -24 
-26, 0, -33, -24 
-26, 0, -33, -24 
-26, 0, -33, -24 
-26, 0, -33, -24 
-26, 0, -33, -24 
-26, 0, -33, -24 
-26, 0, -33, -24 
-26, 0, -33, -24 
-26, 0, -33, -24 
-26, 0, -33, -24 
-26, 0, -33, -24 
-26, 0, -33, -24 
-26, -36, -33, -24 
-26, -36, -33, -24 
-26, -36, -33, -24 
-26, -36, -33, -24 
-26, -36, -33, -24 
-26, -36, -33, -24 
-26, -36, -33, -24 
-26, -36, -33, -24 
-26, -36, -33, -24 
-26, -36, -33, -24 
-26, -36, -33, -24 
-26, -36, -33, -24 
-26, -36, -33, -24 
-26, -36, -33, -24 
-26, -36, -33, -24 
-26, -36, -33, -24 
-26, -36, -33, -24 
-26, -36, -33, -24 
-26, -36, -33, -24 
-26, -36, -33, -24 
-26, -36, -33, -24 
-26, -36, -33, -24 
-26, -36, -33, -24 
-26, -36, -33, -24 
-26, -36, -33, -24 
-26, -36, -33, -24 
-26, -36, -33, -24 
-26, -36, -33, -24 
-26, -36, -33, -24 
-26, -36, -33, -78 
-26, -36, -33, -78 
-26, -36, -33, -78 
-26, -36, -33, -78 
-26, -36, -33, -78 
-26, -36, -33, -78 
-26, -36, -33, -78 
-26, -36, -33, -78 
-26, -36, -33, -78 
-26, -36, -33, -78 
-26, -36, -33, -78 
-26, -36, -33, -78 
-26, -36, -33, -78 
-26, -36, -33, -78 
-26, -36, -33, -78 
-26, -36, -33, -78 
-80, -36, -89, -78 
-80, -36, -89, -78 
-80, -36, -89, -78 
-80, -36, -89, -78 
-80, -36, -89, -78 
-80, -36, -89, -78 
-80, -36, -89, -78 
-80, -36, -89, -78 
-80, -36, -89, -78 
-80, -36, -89, -78 
-80, -77, -89, -78 
-80, -77, -89, -78 
-80, -77, -89, -78 
-80, -77, -89, -78 
-80, -77, -89, -78 
-80, -77, -89, -78 
-80, -77, -89, -78 
-80, -77, -89, -78 
-80, -77, -89, -78 
-80, -77, -89, -78 
-80, -77, -89, -78 
-80, -77, -89, -78 
-80, -77, -89, -78 
-80, -77, -89, -78 
-80, -77, -89, -78 
-80, -77, -89, -78 
-80, -77, -89, -78 
-80, -77, -89, -78 
-80, -77, -89, -78 
-80, -77, -89, -78 
-80, -77, -89, -78 
-80, -77, -89, -78 
-80, -77, -89, -78 
-80, -77, -89, -78 
-80, -77, -89, -78 
-80, -77, -89, -78 
-80, -77, -89, -78 
-80, -77, -89, -78 
-80, -77, -89, -78 
-80, -77, -89, -78 
-80, -77, -89, -78 
-80, -77, -89, -78 
-80, -77, -89, -78 
-80, -77, -89, -78 
-80, -77, -89, -78 
-80, -77, -89, -78 
-80, -77, -89, -78 
*************************