*************************
0, 0, 0, 0 
0, 0, 0, 0 
0, 0, 0, 0 
0, 0, 0, 0 
0, 0, 0, 0 
0, 0, 0, 0 
0, 0, 0, 0 
0, 0, 0, 0 
0, 0, 0, 0 
0, 0, 0, 0 
0, 0, 0, 0 
0, 0, 0, 0 
0, 0, 0, 1 
0, 0, 0, 1 
0, 0, 0, 1 
8, 0, -7, 1 
8, 0, -7, 1 
8, 0, -7, 1 
8, 0, -7, 1 
8, 0, -7, 1 
8, -22, -7, 39 
8, -22, -7, 39 
36, -22, -51, 39 
36, -22, -51, 39 
36, -22, -51, 39 
36, -22, -51, 39 
36, -22, -51, 39 
36, -22, -51, 39 
36, -47, -51, 83 
36, -47, -51, 83 
56, -47, -68, 83 
56, -47, -68, 83 
56, -47, -68, 83 
56, -47, -68, 83 
56, -47, -68, 83 
56, -84, -68, 117 
56, -84, -68, 117 
84, -84, -95, 117 
84, -84, -95, 117 
84, -84, -95, 117 
84, -84, -95, 117 
84, -84, -95, 117 
84, -84, -95, 117 
84, -128, -95, 150 
84, -128, -95, 150 
84, -128, -95, 150 
129, -128, -139, 150 
129, -128, -139, 150 
129, -128, -139, 150 
129, -128, -139, 150 
129, -128, -139, 150 
129, -128, -139, 150 
129, -189, -139, 203 
129, -189, -139, 203 
129, -189, -139, 203 
181, -189, -195, 203 
181, -189, -195, 203 
181, -189, -195, 203 
181, -189, -195, 203 
181, -189, -195, 203 
181, -248, -195, 258 
181, -248, -195, 258 
236, -248, -250, 258 
236, -248, -250, 258 
236, -248, -250, 258 
236, -248, -250, 258 
236, -248, -250, 258 
236, -248, -250, 258 
236, -316, -250, 323 
236, -316, -250, 323 
236, -316, -250, 323 
297, -316, -314, 323 
297, -316, -314, 323 
297, -316, -314, 323 
297, -316, -314, 323 
297, -316, -314, 323 
297, -377, -314, 383 
297, -377, -314, 383 
365, -377, -381, 383 
365, -377, -381, 383 
365, -377, -381, 383 
365, -377, -381, 383 
365, -377, -381, 383 
365, -377, -381, 383 
365, -445, -381, 448 
365, -445, -381, 448 
432, -445, -443, 448 
432, -445, -443, 448 
432, -445, -443, 448 
432, -445, -443, 448 
432, -445, -443, 448 
432, -445, -443, 448 
432, -445, -443, 448 
432, -526, -443, 527 
432, -526, -443, 527 
511, -526, -525, 527 
511, -526, -525, 527 
511, -526, -525, 527 
511, -526, -525, 527 
511, -526, -525, 527 
511, -526, -525, 527 
511, -597, -525, 597 
511, -597, -525, 597 
584, -597, -592, 597 
584, -597, -592, 597 
584, -597, -592, 597 
584, -597, -592, 597 
584, -597, -592, 597 
584, -666, -592, 665 
584, -666, -592, 665 
584, -666, -592, 665 
655, -666, -665, 665 
655, -666, -665, 665 
655, -666, -665, 665 
655, -666, -665, 665 
655, -666, -665, 665 
655, -740, -665, 737 
655, -740, -665, 737 
655, -740, -665, 737 
732, -740, -739, 737 
732, -740, -739, 737 
732, -740, -739, 737 
732, -740, -739, 737 
732, -740, -739, 737 
732, -812, -739, 804 
732, -812, -739, 804 
796, -812, -804, 804 
796, -812, -804, 804 
796, -812, -804, 804 
796, -812, -804, 804 
796, -812, -804, 804 
796, -877, -804, 868 
796, -877, -804, 868 
796, -877, -804, 868 
796, -877, -804, 868 
883, -877, -890, 868 
883, -877, -890, 868 
883, -877, -890, 868 
883, -877, -890, 868 
883, -877, -890, 868 
883, -877, -890, 868 
883, -970, -890, 959 
883, -970, -890, 959 
883, -970, -890, 959 
959, -970, -967, 959 
959, -970, -967, 959 
959, -970, -967, 959 
959, -970, -967, 959 
959, -970, -967, 959 
959, -1037, -967, 1029 
959, -1037, -967, 1029 
1031, -1037, -1038, 1029 
1031, -1037, -1038, 1029 
1031, -1037, -1038, 1029 
1031, -1037, -1038, 1029 
1031, -1037, -1038, 1029 
1031, -1037, -1038, 1029 
1031, -1115, -1038, 1105 
*************************
0, 0, 0, 0 
0, 0, 0, 0 
0, 0, 0, 0 
0, 0, 0, 0 
0, 0, 0, 0 
0, 0, 0, 0 
0, 0, 0, 0 
0, 0, 0, 0 
0, 0, 0, 0 
0, 0, 0, 0 
0, 0, 0, 0 
0, 0, 0, 0 
0, 0, 0, 1 
0, 0, 0, 1 
0, 0, 0, 1 
0, 0, 0, 1 
0, 0, 0, 1 
0, 0, 0, 1 
0, 0, 0, 1 
0, -36, 0, 45 
0, -36, 0, 45 
0, -36, 0, 45 
23, -36, -25, 45 
23, -36, -25, 45 
23, -36, -25, 45 
23, -36, -25, 45 
23, -36, -25, 45 
23, -67, -25, 78 
23, -67, -25, 78 
23, -67, -25, 78 
60, -67, -64, 78 
60, -67, -64, 78 
60, -67, -64, 78 
60, -67, -64, 78 
60, -67, -64, 78 
60, -109, -64, 123 
60, -109, -64, 123 
80, -109, -89, 123 
80, -109, -89, 123 
80, -109, -89, 123 
80, -109, -89, 123 
80, -109, -89, 123 
80, -156, -89, 168 
80, -156, -89, 168 
80, -156, -89, 168 
117, -156, -131, 168 
117, -156, -131, 168 
117, -156, -131, 168 
117, -156, -131, 168 
117, -156, -131, 168 
117, -156, -131, 168 
117, -156, -131, 168 
117, -223, -131, 231 
117, -223, -131, 231 
178, -223, -197, 231 
178, -223, -197, 231 
178, -223, -197, 231 
178, -223, -197, 231 
178, -223, -197, 231 
178, -223, -197, 231 
178, -283, -197, 291 
178, -283, -197, 291 
235, -283, -257, 291 
235, -283, -257, 291 
235, -283, -257, 291 
235, -283, -257, 291 
235, -283, -257, 291 
235, -350, -257, 354 
235, -350, -257, 354 
298, -350, -319, 354 
298, -350, -319, 354 
298, -350, -319, 354 
298, -350, -319, 354 
298, -350, -319, 354 
298, -350, -319, 354 
298, -422, -319, 423 
298, -422, -319, 423 
298, -422, -319, 423 
371, -422, -390, 423 
371, -422, -390, 423 
371, -422, -390, 423 
371, -422, -390, 423 
371, -422, -390, 423 
371, -494, -390, 496 
371, -494, -390, 496 
442, -494, -459, 496 
442, -494, -459, 496 
442, -494, -459, 496 
442, -494, -459, 496 
442, -494, -459, 496 
442, -494, -459, 496 
442, -574, -459, 572 
442, -574, -459, 572 
442, -574, -459, 572 
442, -574, -459, 572 
536, -574, -547, 572 
536, -574, -547, 572 
536, -574, -547, 572 
536, -574, -547, 572 
536, -574, -547, 572 
536, -663, -547, 659 
536, -663, -547, 659 
611, -663, -622, 659 
611, -663, -622, 659 
611, -663, -622, 659 
611, -663, -622, 659 
611, -663, -622, 659 
611, -739, -622, 730 
611, -739, -622, 730 
687, -739, -692, 730 
687, -739, -692, 730 
687, -739, -692, 730 
687, -739, -692, 730 
687, -739, -692, 730 
687, -814, -692, 805 
687, -814, -692, 805 
687, -814, -692, 805 
766, -814, -772, 805 
766, -814, -772, 805 
766, -814, -772, 805 
766, -814, -772, 805 
766, -814, -772, 805 
766, -814, -772, 805 
766, -901, -772, 892 
766, -901, -772, 892 
849, -901, -851, 892 
849, -901, -851, 892 
849, -901, -851, 892 
849, -901, -851, 892 
849, -901, -851, 892 
849, -901, -851, 892 
849, -980, -851, 970 
849, -980, -851, 970 
922, -980, -926, 970 
922, -980, -926, 970 
922, -980, -926, 970 
922, -980, -926, 970 
922, -980, -926, 970 
922, -980, -926, 970 
922, -980, -926, 970 
922, -1076, -926, 1068 
922, -1076, -926, 1068 
922, -1076, -926, 1068 
1021, -1076, -1022, 1068 
1021, -1076, -1022, 1068 
1021, -1076, -1022, 1068 
1021, -1076, -1022, 1068 
1021, -1076, -1022, 1068 
1021, -1157, -1022, 1148 
1021, -1157, -1022, 1148 
1094, -1157, -1098, 1148 
1094, -1157, -1098, 1148 
1094, -1157, -1098, 1148 
1094, -1157, -1098, 1148 
1094, -1157, -1098, 1148 
1094, -1234, -1098, 1221 
1094, -1234, -1098, 1221 
1094, -1234, -1098, 1221 
1169, -1234, -1172, 1221 
1169, -1234, -1172, 1221 
1169, -1234, -1172, 1221 
1169, -1234, -1172, 1221 
1169, -1234, -1172, 1221 
1169, -1321, -1172, 1306 
1169, -1321, -1172, 1306 
1169, -1321, -1172, 1306 
1243, -1321, -1252, 1306 
 -1321, -1252, 1306 
1243, -1321, -1252, 1306 
1243, -1395, -1252, 1381 
1243, -1395, -1252, 1381 
1318, -1395, -1323, 1381 
1318, -1395, -1323, 1381 
1318, -1395, -1323, 1381 
1318, -1395, -1323, 1381 
1318, -1395, -1323, 1381 
1318, -1395, -1323, 1381 
1318, -1484, -1323, 1469 
1318, -1484, -1323, 1469 
1318, -1484, -1323, 1469 
1318, -1484, -1323, 1469 
1318, -1484, -1323, 1469 
1426, -1484, -1431, 1469 
1426, -1484, -1431, 1469 
1426, -1484, -1431, 1469 
1426, -1484, -1431, 1469 
1426, -1484, -1431, 1469 
1426, -1582, -1431, 1567 
1426, -1582, -1431, 1567 
1501, -1582, -1503, 1567 
1501, -1582, -1503, 1567 
1501, -1582, -1503, 1567 
1501, -1582, -1503, 1567 
1501, -1582, -1503, 1567 
1501, -1664, -1503, 1647 
1501, -1664, -1503, 1647 
1574, -1664, -1576, 1647 
1574, -1664, -1576, 1647 
1574, -1664, -1576, 1647 
1574, -1664, -1576, 1647 
1574, -1664, -1576, 1647 
1574, -1741, -1576, 1724 
1574, -1741, -1576, 1724 
1574, -1741, -1576, 1724 
1658, -1741, -1655, 1724 
1658, -1741, -1655, 1724 
1658, -1741, -1655, 1724 
1658, -1741, -1655, 1724 
1658, -1741, -1655, 1724 
1658, -1830, -1655, 1808 
1658, -1830, -1655, 1808 
1658, -1830, -1655, 1808 
1734, -1830, -1731, 1808 
1734, -1830, -1731, 1808 
1734, -1830, -1731, 1808 
1734, -1830, -1731, 1808 
1734, -1830, -1731, 1808 
1734, -1907, -1731, 1882 
1734, -1907, -1731, 1882 
1813, -1907, -1807, 1882 
1813, -1907, -1807, 1882 
1813, -1907, -1807, 1882 
1813, -1907, -1807, 1882 
1813, -1907, -1807, 1882 
1813, -1907, -1807, 1882 
1813, -1907, -1807, 1882 
1813, -2010, -1807, 1981 
1813, -2010, -1807, 1981 
1910, -2010, -1903, 1981 
1910, -2010, -1903, 1981 
1910, -2010, -1903, 1981 
1910, -2010, -1903, 1981 
1910, -2010, -1903, 1981 
1910, -2088, -1903, 2058 
1910, -2088, -1903, 2058 
1910, -2088, -1903, 2058 
1987, -2088, -1979, 2058 
1987, -2088, -1979, 2058 
1987, -2088, -1979, 2058 
1987, -2088, -1979, 2058 
1987, -2088, -1979, 2058 
1987, -2167, -1979, 2136 
1987, -2167, -1979, 2136 
2062, -2167, -2055, 2136 
2062, -2167, -2055, 2136 
2062, -2167, -2055, 2136 
2062, -2167, -2055, 2136 
2062, -2167, -2055, 2136 
2062, -2167, -2055, 2136 
2062, -2252, -2055, 2218 
2062, -2252, -2055, 2218 
2142, -2252, -2133, 2218 
2142, -2252, -2133, 2218 
2142, -2252, -2133, 2218 
2142, -2252, -2133, 2218 
2142, -2252, -2133, 2218 
2142, -2330, -2133, 2293 
2142, -2330, -2133, 2293 
2215, -2330, -2210, 2293 
2215, -2330, -2210, 2293 
2215, -2330, -2210, 2293 
2215, -2330, -2210, 2293 
2215, -2330, -2210, 2293 
2215, -2330, -2210, 2293 
2215, -2418, -2210, 2378 
2215, -2418, -2210, 2378 
2215, -2418, -2210, 2378 
2215, -2418, -2210, 2378 
2314, -2418, -2310, 2378 
2314, -2418, -2310, 2378 
2314, -2418, -2310, 2378 
2314, -2418, -2310, 2378 
2314, -2418, -2310, 2378 
2314, -2513, -2310, 2470 
2314, -2513, -2310, 2470 
2388, -2513, -2389, 2470 
2388, -2513, -2389, 2470 
2388, -2513, -2389, 2470 
2388, -2513, -2389, 2470 
2388, -2513, -2389, 2470 
2388, -2591, -2389, 2548 
2388, -2591, -2389, 2548 
2462, -2591, -2463, 2548 
2462, -2591, -2463, 2548 
2462, -2591, -2463, 2548 
2462, -2591, -2463, 2548 
2462, -2591, -2463, 2548 
2462, -2591, -2463, 2548 
2462, -2669, -2463, 2625 
2462, -2669, -2463, 2625 
2462, -2669, -2463, 2625 
2543, -2669, -2546, 2625 
2543, -2669, -2546, 2625 
2543, -2669, -2546, 2625 
2543, -2669, -2546, 2625 
2543, -2669, -2546, 2625 
2543, -2757, -2546, 2711 
2543, -2757, -2546, 2711 
2622, -2757, -2624, 2711 
2622, -2757, -2624, 2711 
2622, -2757, -2624, 2711 
2622, -2757, -2624, 2711 
2622, -2757, -2624, 2711 
2622, -2837, -2624, 2789 
2622, -2837, -2624, 2789 
2622, -2837, -2624, 2789 
2694, -2837, -2700, 2789 
2694, -2837, -2700, 2789 
2694, -2837, -2700, 2789 
2694, -2837, -2700, 2789 
2694, -2837, -2700, 2789 
2694, -2837, -2700, 2789 
2694, -2837, -2700, 2789 
2694, -2940, -2700, 2890 
2694, -2940, -2700, 2890 
2793, -2940, -2795, 2890 
2793, -2940, -2795, 2890 
2793, -2940, -2795, 2890 
2793, -2940, -2795, 2890 
2793, -2940, -2795, 2890 
2793, -3018, -2795, 2963 
*************************
3, -12, -4, 8 
3, -12, -4, 8 
3, -12, -4, 8 
3, -12, -4, 8 
3, -15, -4, 10 
3, -15, -4, 10 
3, -15, -6, 10 
3, -15, -6, 10 
3, -15, -6, 10 
3, -15, -6, 10 
3, -15, -6, 10 
3, -23, -6, 7 
3, -23, -6, 7 
3, -23, -6, 7 
-12, -23, -27, 7 
-12, -23, -27, 7 
-12, -23, -27, 7 
-12, -23, -27, 7 
-12, -23, -27, 7 
-12, -61, -27, -22 
-12, -61, -27, -22 
-12, -61, -27, -22 
-25, -61, -75, -22 
-25, -61, -75, -22 
-25, -61, -75, -22 
-25, -61, -75, -22 
-25, -61, -75, -22 
-25, -90, -75, -66 
-25, -90, -75, -66 
-60, -90, -105, -66 
-60, -90, -105, -66 
-60, -90, -105, -66 
-60, -90, -105, -66 
-60, -90, -105, -66 
-60, -124, -105, -112 
-60, -124, -105, -112 
-60, -124, -105, -112 
-60, -124, -105, -112 
-86, -124, -149, -112 
-86, -124, -149, -112 
-86, -124, -149, -112 
-86, -124, -149, -112 
-86, -124, -149, -112 
-86, -179, -149, -164 
-86, -179, -149, -164 
-86, -179, -149, -164 
-146, -179, -209, -164 
-146, -179, -209, -164 
-146, -179, -209, -164 
-146, -179, -209, -164 
-146, -179, -209, -164 
-146, -179, -209, -164 
-146, -249, -209, -233 
-146, -249, -209, -233 
-146, -249, -209, -233 
-217, -249, -279, -233 
-217, -249, -279, -233 
-217, -249, -279, -233 
-217, -249, -279, -233 
-217, -249, -279, -233 
-217, -249, -279, -233 
-217, -322, -279, -302 
-217, -322, -279, -302 
-290, -322, -349, -302 
-290, -322, -349, -302 
-290, -322, -349, -302 
-290, -322, -349, -302 
-290, -322, -349, -302 
-290, -388, -349, -370 
-290, -388, -349, -370 
-290, -388, -349, -370 
-357, -388, -418, -370 
-357, -388, -418, -370 
-357, -388, -418, -370 
-357, -388, -418, -370 
-357, -388, -418, -370 
-357, -460, -418, -440 
-357, -460, -418, -440 
-429, -460, -490, -440 
-429, -460, -490, -440 
-429, -460, -490, -440 
-429, -460, -490, -440 
-429, -460, -490, -440 
-429, -460, -490, -440 
-429, -538, -490, -517 
-429, -538, -490, -517 
-505, -538, -567, -517 
-505, -538, -567, -517 
-505, -538, -567, -517 
-505, -538, -567, -517 
-505, -538, -567, -517 
-505, -538, -567, -517 
-505, -538, -567, -517 
-505, -627, -567, -604 
-505, -627, -567, -604 
-589, -627, -650, -604 
-589, -627, -650, -604 
-589, -627, -650, -604 
-589, -627, -650, -604 
-589, -627, -650, -604 
-589, -695, -650, -673 
-589, -695, -650, -673 
-589, -695, -650, -673 
-664, -695, -727, -673 
-664, -695, -727, -673 
-664, -695, -727, -673 
-664, -695, -727, -673 
-664, -695, -727, -673 
-664, -768, -727, -748 
-664, -768, -727, -748 
-664, -768, -727, -748 
-734, -768, -796, -748 
-734, -768, -796, -748 
-734, -768, -796, -748 
-734, -768, -796, -748 
-734, -768, -796, -748 
-734, -841, -796, -818 
-734, -841, -796, -818 
-801, -841, -861, -818 
-801, -841, -861, -818 
-801, -841, -861, -818 
-801, -841, -861, -818 
-801, -841, -861, -818 
-801, -909, -861, -885 
-801, -909, -861, -885 
-801, -909, -861, -885 
-876, -909, -934, -885 
-876, -909, -934, -885 
-876, -909, -934, -885 
-876, -909, -934, -885 
-876, -909, -934, -885 
-876, -978, -934, -955 
-876, -978, -934, -955 
-876, -978, -934, -955 
-948, -978, -1005, -955 
-948, -978, -1005, -955 
-948, -978, -1005, -955 
-948, -978, -1005, -955 
-948, -978, -1005, -955 
-948, -978, -1005, -955 
-948, -1056, -1005, -1035 
-948, -1056, -1005, -1035 
-1023, -1056, -1081, -1035 
-1023, -1056, -1081, -1035 
-1023, -1056, -1081, -1035 
-1023, -1056, -1081, -1035 
-1023, -1056, -1081, -1035 
-1023, -1056, -1081, -1035 
-1023, -1129, -1081, -1104 
*************************
0, 0, 0, 0 
0, 0, 0, 0 
0, 0, 0, 0 
0, 0, 0, 0 
0, 0, 0, 0 
0, 0, 0, 0 
0, 0, 0, 0 
0, 0, 0, 0 
0, 0, 0, 0 
0, 0, 0, 0 
0, 0, 0, 0 
0, -3, 0, -4 
0, -3, 0, -4 
0, -3, 0, -4 
0, -3, 0, -4 
0, -3, 0, -4 
0, -3, 0, -4 
0, -3, 0, -4 
0, -3, 0, -4 
0, -37, 0, -40 
0, -37, 0, -40 
0, -37, 0, -40 
-28, -37, -39, -40 
-28, -37, -39, -40 
-28, -37, -39, -40 
-28, -37, -39, -40 
-28, -37, -39, -40 
-28, -84, -39, -93 
-28, -84, -39, -93 
-28, -84, -39, -93 
-43, -84, -91, -93 
-43, -84, -91, -93 
-43, -84, -91, -93 
-43, -84, -91, -93 
-43, -84, -91, -93 
-43, -128, -91, -160 
-43, -128, -91, -160 
-43, -128, -91, -160 
-73, -128, -138, -160 
-73, -128, -138, -160 
-73, -128, -138, -160 
-73, -128, -138, -160 
-73, -128, -138, -160 
-73, -176, -138, -230 
-73, -176, -138, -230 
-108, -176, -196, -230 
-108, -176, -196, -230 
-108, -176, -196, -230 
-108, -176, -196, -230 
-108, -176, -196, -230 
-108, -176, -196, -230 
-108, -176, -196, -230 
-108, -256, -196, -305 
-108, -256, -196, -305 
-108, -256, -196, -305 
-195, -256, -285, -305 
-195, -256, -285, -305 
-195, -256, -285, -305 
-195, -256, -285, -305 
-195, -256, -285, -305 
-195, -337, -285, -388 
-195, -337, -285, -388 
-273, -337, -363, -388 
-273, -337, -363, -388 
-273, -337, -363, -388 
-273, -337, -363, -388 
-273, -337, -363, -388 
-273, -417, -363, -465 
-273, -417, -363, -465 
-273, -417, -363, -465 
-351, -417, -444, -465 
-351, -417, -444, -465 
-351, -417, -444, -465 
-351, -417, -444, -465 
-351, -417, -444, -465 
-351, -498, -444, -543 
-351, -498, -444, -543 
-351, -498, -444, -543 
-444, -498, -537, -543 
-444, -498, -537, -543 
-444, -498, -537, -543 
-444, -498, -537, -543 
-444, -498, -537, -543 
-444, -594, -537, -635 
-444, -594, -537, -635 
-532, -594, -620, -635 
-532, -594, -620, -635 
-532, -594, -620, -635 
-532, -594, -620, -635 
-532, -594, -620, -635 
-532, -594, -620, -635 
-532, -690, -620, -731 
-532, -690, -620, -731 
-532, -690, -620, -731 
-639, -690, -729, -731 
-639, -690, -729, -731 
-639, -690, -729, -731 
-639, -690, -729, -731 
-639, -690, -729, -731 
-639, -690, -729, -731 
-639, -800, -729, -839 
-639, -800, -729, -839 
-639, -800, -729, -839 
-740, -800, -832, -839 
-740, -800, -832, -839 
-740, -800, -832, -839 
-740, -800, -832, -839 
-740, -800, -832, -839 
-740, -892, -832, -928 
-740, -892, -832, -928 
-828, -892, -920, -928 
-828, -892, -920, -928 
-828, -892, -920, -928 
-828, -892, -920, -928 
-828, -892, -920, -928 
-828, -981, -920, -1014 
-828, -981, -920, -1014 
-828, -981, -920, -1014 
-916, -981, -1007, -1014 
-916, -981, -1007, -1014 
-916, -981, -1007, -1014 
-916, -981, -1007, -1014 
-916, -981, -1007, -1014 
-916, 10885, -1007, -38909 
*************************
-16, -32, -16, -23 
-16, -32, -16, -23 
-16, -32, -16, -23 
-16, -42, -16, -38 
-16, -42, -16, -38 
-16, -42, -16, -38 
-19, -42, -42, -38 
-19, -42, -42, -38 
-19, -42, -42, -38 
-19, -42, -42, -38 
-19, -42, -42, -38 
-19, -41, -42, -50 
-19, -41, -42, -50 
-19, -41, -42, -50 
-19, -41, -56, -50 
-19, -41, -56, -50 
-19, -41, -56, -50 
-19, -41, -56, -50 
-19, -41, -56, -50 
-19, 0, -56, -35 
-19, 0, -56, -35 
-19, 0, -56, -35 
10, 0, -50, -35 
10, 0, -50, -35 
10, 0, -50, -35 
10, 0, -50, -35 
10, 0, -50, -35 
10, 70, -50, -17 
10, 70, -50, -17 
69, 70, -39, -17 
69, 70, -39, -17 
69, 70, -39, -17 
69, 70, -39, -17 
69, 70, -39, -17 
69, 123, -39, 21 
69, 123, -39, 21 
69, 123, -39, 21 
107, 123, 7, 21 
107, 123, 7, 21 
107, 123, 7, 21 
107, 123, 7, 21 
107, 123, 7, 21 
107, 123, 7, 21 
107, 187, 7, 96 
107, 187, 7, 96 
180, 187, 82, 96 
180, 187, 82, 96 
180, 187, 82, 96 
180, 187, 82, 96 
180, 187, 82, 96 
180, 187, 82, 96 
180, 271, 82, 180 
180, 271, 82, 180 
180, 271, 82, 180 
264, 271, 162, 180 
264, 271, 162, 180 
264, 271, 162, 180 
264, 271, 162, 180 
264, 271, 162, 180 
264, 345, 162, 257 
264, 345, 162, 257 
340, 345, 235, 257 
340, 345, 235, 257 
340, 345, 235, 257 
340, 345, 235, 257 
340, 345, 235, 257 
340, 345, 235, 257 
340, 428, 235, 346 
340, 428, 235, 346 
428, 428, 324, 346 
428, 428, 324, 346 
428, 428, 324, 346 
428, 428, 324, 346 
428, 428, 324, 346 
428, 428, 324, 346 
428, 508, 324, 432 
428, 508, 324, 432 
428, 508, 324, 432 
524, 508, 417, 432 
524, 508, 417, 432 
524, 508, 417, 432 
524, 508, 417, 432 
524, 508, 417, 432 
524, 603, 417, 525 
524, 603, 417, 525 
524, 603, 417, 525 
612, 603, 509, 525 
612, 603, 509, 525 
612, 603, 509, 525 
612, 603, 509, 525 
612, 603, 509, 525 
612, 603, 509, 525 
612, 705, 509, 628 
612, 705, 509, 628 
612, 705, 509, 628 
717, 705, 615, 628 
717, 705, 615, 628 
717, 705, 615, 628 
717, 705, 615, 628 
717, 705, 615, 628 
717, 798, 615, 724 
717, 798, 615, 724 
717, 798, 615, 724 
806, 798, 701, 724 
806, 798, 701, 724 
806, 798, 701, 724 
806, 798, 701, 724 
806, 798, 701, 724 
806, 883, 701, 813 
806, 883, 701, 813 
898, 883, 796, 813 
898, 883, 796, 813 
898, 883, 796, 813 
898, 883, 796, 813 
898, 883, 796, 813 
898, 883, 796, 813 
898, 978, 796, 907 
898, 978, 796, 907 
982, 978, 884, 907 
982, 978, 884, 907 
982, 978, 884, 907 
982, 978, 884, 907 
982, 978, 884, 907 
982, 1065, 884, 996 
982, 1065, 884, 996 
1069, 1065, 972, 996 
1069, 1065, 972, 996 
1069, 1065, 972, 996 
1069, 1065, 972, 996 
1069, 1065, 972, 996 
1069, 1065, 972, 996 
1069, 1158, 972, 1089 
1069, 1158, 972, 1089 
1069, 1158, 972, 1089 
1162, 1158, 1064, 1089 
1162, 1158, 1064, 1089 
1162, 1158, 1064, 1089 
1162, 1158, 1064, 1089 
1162, 1158, 1064, 1089 
1162, 1158, 1064, 1089 
1162, 1264, 1064, 1195 
1162, 1264, 1064, 1195 
1268, 1264, 1172, 1195 
1268, 1264, 1172, 1195 
1268, 1264, 1172, 1195 
 1258, 1282 
1356, 1348, 1258, 1282 
1356, 1348, 1258, 1282 
1356, 1348, 1258, 1282 
1356, 1442, 1258, 1376 
1356, 1442, 1258, 1376 
1356, 1442, 1258, 1376 
1449, 1442, 1350, 1376 
1449, 1442, 1350, 1376 
1449, 1442, 1350, 1376 
1449, 1442, 1350, 1376 
1449, 1442, 1350, 1376 
1449, 1526, 1350, 1463 
1449, 1526, 1350, 1463 
1536, 1526, 1437, 1463 
1536, 1526, 1437, 1463 
1536, 1526, 1437, 1463 
1536, 1526, 1437, 1463 
1536, 1526, 1437, 1463 
1536, 1611, 1437, 1550 
1536, 1611, 1437, 1550 
1536, 1611, 1437, 1550 
1633, 1611, 1531, 1550 
1633, 1611, 1531, 1550 
1633, 1611, 1531, 1550 
1633, 1611, 1531, 1550 
1633, 1611, 1531, 1550 
1633, 1611, 1531, 1550 
1633, 1712, 1531, 1654 
1633, 1712, 1531, 1654 
1633, 1712, 1531, 1654 
1733, 1712, 1637, 1654 
1733, 1712, 1637, 1654 
1733, 1712, 1637, 1654 
1733, 1712, 1637, 1654 
1733, 1712, 1637, 1654 
1733, 1712, 1637, 1654 
1733, 1808, 1637, 1750 
1733, 1808, 1637, 1750 
1819, 1808, 1723, 1750 
1819, 1808, 1723, 1750 
1819, 1808, 1723, 1750 
1819, 1808, 1723, 1750 
1819, 1808, 1723, 1750 
1819, 1890, 1723, 1833 
1819, 1890, 1723, 1833 
1911, 1890, 1814, 1833 
1911, 1890, 1814, 1833 
1911, 1890, 1814, 1833 
1911, 1890, 1814, 1833 
1911, 1890, 1814, 1833 
1911, 1890, 1814, 1833 
1911, 1980, 1814, 1927 
1911, 1980, 1814, 1927 
1993, 1980, 1899, 1927 
1993, 1980, 1899, 1927 
1993, 1980, 1899, 1927 
1993, 1980, 1899, 1927 
1993, 1980, 1899, 1927 
1993, 2065, 1899, 2013 
1993, 2065, 1899, 2013 
2072, 2065, 1985, 2013 
2072, 2065, 1985, 2013 
2072, 2065, 1985, 2013 
2072, 2065, 1985, 2013 
2072, 2065, 1985, 2013 
2072, 2065, 1985, 2013 
2072, 2156, 1985, 2104 
2072, 2156, 1985, 2104 
2161, 2156, 2073, 2104 
2161, 2156, 2073, 2104 
2161, 2156, 2073, 2104 
2161, 2156, 2073, 2104 
2161, 2156, 2073, 2104 
2161, 2156, 2073, 2104 
2161, 2156, 2073, 2104 
2161, 2257, 2073, 2204 
2161, 2257, 2073, 2204 
2262, 2257, 2173, 2204 
2262, 2257, 2173, 2204 
2262, 2257, 2173, 2204 
2262, 2257, 2173, 2204 
2262, 2257, 2173, 2204 
2262, 2257, 2173, 2204 
2262, 2341, 2173, 2289 
2262, 2341, 2173, 2289 
2344, 2341, 2259, 2289 
2344, 2341, 2259, 2289 
2344, 2341, 2259, 2289 
2344, 2341, 2259, 2289 
2344, 2341, 2259, 2289 
2344, 2341, 2259, 2289 
2344, 2430, 2259, 2381 
2344, 2430, 2259, 2381 
2436, 2430, 2351, 2381 
2436, 2430, 2351, 2381 
2436, 2430, 2351, 2381 
2436, 2430, 2351, 2381 
2436, 2430, 2351, 2381 
2436, 2512, 2351, 2463 
2436, 2512, 2351, 2463 
2520, 2512, 2434, 2463 
2520, 2512, 2434, 2463 
2520, 2512, 2434, 2463 
2520, 2512, 2434, 2463 
2520, 2512, 2434, 2463 
2520, 2597, 2434, 2549 
2520, 2597, 2434, 2549 
2520, 2597, 2434, 2549 
2610, 2597, 2523, 2549 
2610, 2597, 2523, 2549 
2610, 2597, 2523, 2549 
2610, 2597, 2523, 2549 
2610, 2597, 2523, 2549 
2610, 2597, 2523, 2549 
2610, 2696, 2523, 2649 
2610, 2696, 2523, 2649 
2610, 2696, 2523, 2649 
2714, 2696, 2626, 2649 
2714, 2696, 2626, 2649 
2714, 2696, 2626, 2649 
2714, 2696, 2626, 2649 
2714, 2783, 2626, 2740 
2714, 2783, 2626, 2740 
2714, 2783, 2626, 2740 
2714, 2783, 2626, 2740 
2804, 2783, 2717, 2740 
2804, 2783, 2717, 2740 
2804, 2783, 2717, 2740 
2804, 2783, 2717, 2740 
2804, 2783, 2717, 2740 
2804, 2880, 2717, 2834 
2804, 2880, 2717, 2834 
2804, 2880, 2717, 2834 
2891, 2880, 2809, 2834 
2891, 2880, 2809, 2834 
2891, 2880, 2809, 2834 
2891, 2880, 2809, 2834 
2891, 2880, 2809, 2834 
2891, 2969, 2809, 2925 
2891, 2969, 2809, 2925 
2975, 2969, 2894, 2925 
2975, 2969, 2894, 2925 
2975, 2969, 2894, 2925 
2975, 2969, 2894, 2925 
2975, 2969, 2894, 2925 
2975, 2969, 2894, 2925 
2975, 3051, 2894, 3009 
2975, 3051, 2894, 3009 
3057, 3051, 2975, 3009 
3057, 3051, 2975, 3009 
3057, 3051, 2975, 3009 
3057, 3051, 2975, 3009 
3057, 3051, 2975, 3009 
3057, 3051, 2975, 3009 
3057, 3142, 2975, 3101 
3057, 3142, 2975, 3101 
3139, 3142, 3067, 3101 
3139, 3142, 3067, 3101 
3139, 3142, 3067, 3101 
3139, 3142, 3067, 3101 
3139, 3142, 3067, 3101 
3139, 3142, 3067, 3101 
3139, 3142, 3067, 3101 
3139, 3243, 3067, 3202 
3139, 3243, 3067, 3202 
-31936, 3243, 3164, 3202 
*************************
0, 0, 0, 0 
0, 0, 0, 0 
0, 0, 0, 0 
0, 0, 0, 0 
0, 0, 0, 0 
0, 0, 0, 0 
0, 0, 0, 0 
0, 0, 0, 0 
0, 0, 0, 0 
0, 0, 0, 0 
0, 0, 0, 0 
0, 0, 0, 0 
0, 0, 0, 0 
0, 0, 0, 0 
9, 0, 0, 0 
9, 0, 0, 0 
9, 0, 0, 0 
9, 0, 0, 0 
9, 0, 0, 0 
9, 0, 0, 40 
9, 0, 0, 40 
46, 0, 0, 40 
46, 0, 0, 40 
46, 0, 0, 40 
46, 0, 0, 40 
46, 0, 0, 40 
46, 0, 0, 40 
46, 0, 0, 40 
46, 0, 0, 87 
46, 0, 0, 87 
100, 0, 3, 87 
100, 0, 3, 87 
100, 0, 3, 87 
100, 0, 3, 87 
100, 0, 3, 87 
100, 0, 3, 87 
100, 0, 3, 143 
100, 0, 3, 143 
158, 0, 7, 143 
158, 0, 7, 143 
158, 0, 7, 143 
158, 0, 7, 143 
158, 0, 7, 143 
158, 0, 7, 203 
158, 0, 7, 203 
158, 0, 7, 203 
220, 0, 12, 203 
220, 0, 12, 203 
220, 0, 12, 203 
220, 0, 12, 203 
220, 0, 12, 203 
220, 0, 12, 285 
220, 0, 12, 285 
220, 0, 12, 285 
298, 0, 19, 285 
298, 0, 19, 285 
298, 0, 19, 285 
298, 0, 19, 285 
298, 0, 19, 285 
298, 0, 19, 285 
298, 1, 19, 368 
298, 1, 19, 368 
375, 1, 26, 368 
375, 1, 26, 368 
375, 1, 26, 368 
375, 1, 26, 368 
375, 1, 26, 368 
375, 4, 26, 449 
375, 4, 26, 449 
375, 4, 26, 449 
462, 4, 32, 449 
462, 4, 32, 449 
462, 4, 32, 449 
462, 4, 32, 449 
462, 4, 32, 449 
462, 4, 32, 449 
462, 8, 32, 531 
462, 8, 32, 531 
462, 8, 32, 531 
554, 8, 39, 531 
554, 8, 39, 531 
554, 8, 39, 531 
554, 8, 39, 531 
554, 8, 39, 531 
554, 11, 39, 619 
554, 11, 39, 619 
636, 11, 45, 619 
636, 11, 45, 619 
636, 11, 45, 619 
636, 11, 45, 619 
636, 11, 45, 619 
636, 11, 45, 619 
636, 11, 45, 619 
636, 15, 45, 709 
636, 15, 45, 709 
732, 15, 52, 709 
732, 15, 52, 709 
732, 15, 52, 709 
732, 15, 52, 709 
732, 15, 52, 709 
732, 15, 52, 709 
732, 20, 52, 796 
732, 20, 52, 796 
821, 20, 58, 796 
821, 20, 58, 796 
821, 20, 58, 796 
821, 20, 58, 796 
821, 20, 58, 796 
821, 23, 58, 875 
821, 23, 58, 875 
821, 23, 58, 875 
902, 23, 65, 875 
902, 23, 65, 875 
902, 23, 65, 875 
902, 23, 65, 875 
902, 23, 65, 875 
902, 23, 65, 875 
902, 24, 65, 965 
902, 24, 65, 965 
994, 24, 72, 965 
994, 24, 72, 965 
994, 24, 72, 965 
994, 24, 72, 965 
994, 24, 72, 965 
994, 24, 72, 965 
994, 26, 72, 1050 
994, 26, 72, 1050 
994, 26, 72, 1050 
1081, 26, 80, 1050 
1081, 26, 80, 1050 
1081, 26, 80, 1050 
1081, 26, 80, 1050 
1081, 26, 80, 1050 
1081, 28, 80, 1127 
1081, 28, 80, 1127 
1081, 28, 80, 1127 
1165, 28, 89, 1127 
1165, 28, 89, 1127 
1165, 28, 89, 1127 
1165, 28, 89, 1127 
1165, 28, 89, 1127 
1165, 28, 89, 1127 
1165, 30, 89, 1232 
1165, 30, 89, 1232 
1165, 30, 89, 1232 
1272, 30, 99, 1232 
1272, 30, 99, 1232 
1272, 30, 99, 1232 
1272, 30, 99, 1232 
1272, 30, 99, 1232 
1272, 30, 99, 1232 
1272, 32, 99, 1319 
1272, 32, 99, 1319 
1352, 32, 105, 1319 
1352, 32, 105, 1319 
1352, 32, 105, 1319 
1352, 32, 105, 1319 
1352, 32, 105, 1319 
1352, 33, 105, 1401 
1352, 33, 105, 1401 
1352, 33, 105, 1401 
1440, 33, 111, 1401 
1440, 33, 111, 1401 
1440, 33, 111, 1401 
1440, 33, 111, 1401 
1440, 33, 111, 1401 
1440, 33, 111, 1401 
1440, 33, 111, 1491 
1440, 33, 111, 1491 
1440, 33, 111, 1491 
1533, 33, 119, 1491 
1533, 33, 119, 1491 
1533, 33, 119, 1491 
1533, 33, 119, 1491 
1533, 33, 119, 1579 
1533, 33, 119, 1579 
1533, 33, 119, 1579 
1615, 33, 124, 1579 
1615, 33, 124, 1579 
1615, 33, 124, 1579 
1615, 33, 124, 1579 
1615, 33, 124, 1579 
1615, 33, 124, 1579 
1615, 33, 124, 1666 
1615, 33, 124, 1666 
1707, 33, 132, 1666 
1707, 33, 132, 1666 
1707, 33, 132, 1666 
1707, 33, 132, 1666 
1707, 33, 132, 1666 
1707, 33, 132, 1666 
1707, 33, 132, 1755 
1707, 33, 132, 1755 
1707, 33, 132, 1755 
1796, 33, 138, 1755 
1796, 33, 138, 1755 
1796, 33, 138, 1755 
1796, 33, 138, 1755 
1796, 33, 138, 1755 
1796, 33, 138, 1837 
1796, 33, 138, 1837 
1882, 33, 144, 1837 
1882, 33, 144, 1837 
1882, 33, 144, 1837 
1882, 33, 144, 1837 
1882, 33, 144, 1837 
1882, 33, 144, 1837 
1882, 33, 144, 1837 
1882, 33, 144, 1932 
1882, 33, 144, 1932 
1976, 33, 148, 1932 
1976, 33, 148, 1932 
1976, 33, 148, 1932 
1976, 33, 148, 1932 
1976, 33, 148, 1932 
1976, 33, 148, 1932 
1976, 33, 148, 2023 
1976, 33, 148, 2023 
2069, 33, 153, 2023 
2069, 33, 153, 2023 
2069, 33, 153, 2023 
2069, 33, 153, 2023 
2069, 33, 153, 2023 
2069, 33, 153, 2104 
2069, 33, 153, 2104 
2069, 33, 153, 2104 
2158, 33, 156, 2104 
2158, 33, 156, 2104 
2158, 33, 156, 2104 
2158, 33, 156, 2104 
2158, 33, 156, 2104 
2158, 33, 156, 2104 
2158, 33, 156, 2201 
2158, 33, 156, 2201 
2158, 33, 156, 2201 
2254, 33, 160, 2201 
2254, 33, 160, 2201 
2254, 33, 160, 2201 
2254, 33, 160, 2201 
2254, 33, 160, 2201 
2254, 33, 160, 2290 
2254, 33, 160, 2290 
2254, 33, 160, 2290 
2338, 33, 164, 2290 
2338, 33, 164, 2290 
2338, 33, 164, 2290 
2338, 33, 164, 2290 
2338, 33, 164, 2290 
2338, 33, 164, 2375 
2338, 33, 164, 2375 
2338, 33, 164, 2375 
2428, 33, 166, 2375 
2428, 33, 166, 2375 
2428, 33, 166, 2375 
2428, 33, 166, 2375 
2428, 33, 166, 2375 
2428, 33, 166, 2375 
2428, 34, 166, 2472 
2428, 34, 166, 2472 
2428, 34, 166, 2472 
2509, 34, 166, 2472 
2509, 34, 166, 2472 
2509, 34, 166, 2472 
2509, 34, 166, 2472 
2509, 34, 166, 2472 
2509, 35, 166, 2566 
2509, 35, 166, 2566 
2571, 35, 166, 2566 
2571, 35, 166, 2566 
2571, 35, 166, 2566 
2571, 35, 166, 2566 
2571, 35, 166, 2566 
2571, 35, 166, 2566 
2571, 39, 166, 2659 
2571, 39, 166, 2659 
2571, 39, 166, 2659 
2642, 39, 164, 2659 
2642, 39, 164, 2659 
2642, 39, 164, 2659 
2642, 39, 164, 2659 
2642, 39, 164, 2659 
2642, 39, 164, 2659 
2642, 39, 1649, 2728 
2717, 39, 159, 2786 
2717, 39, 159, 2786 
2790, 39, 155, 2786 
2790, 39, 155, 2786 
2790, 39, 155, 2786 
2790, 39, 155, 2786 
2790, 39, 155, 2786 
2790, 39, 155, 2786 
2790, 39, 155, 2786 
2790, 39, 155, 2859 
2790, 39, 155, 2859 
2864, 39, 149, 2859 
2864, 39, 149, 2859 
2864, 39, 149, 2859 
2864, 39, 149, 2859 
2864, 39, 149, 2859 
2864, 39, 149, 2859 
2864, 39, 149, 2913 
2864, 39, 149, 2913 
2928, 39, 146, 2913 
2928, 39, 146, 2913 
2928, 39, 146, 2913 
2928, 39, 146, 2913 
2928, 39, 146, 2913 
2928, 39, 146, 2964 
2928, 39, 146, 2964 
2928, 39, 146, 2964 
3002, 39, 143, 2964 
3002, 39, 143, 2964 
3002, 39, 143, 2964 
3002, 39, 143, 2964 
3002, 39, 143, 2964 
3002, 39, 143, 2964 
3002, 39, 143, 3026 
3002, 39, 143, 3026 
3002, 39, 143, 3026 
3072, 39, 141, 3026 
3072, 39, 141, 3026 
3072, 39, 141, 3026 
3072, 39, 141, 3026 
3072, 39, 141, 3026 
3072, 39, 141, 3081 
3072, 39, 141, 3081 
3072, 39, 141, 3081 
3134, 39, 140, 3081 
3134, 39, 140, 3081 
3134, 39, 140, 3081 
3134, 39, 140, 3081 
3134, 39, 140, 3081 
3134, 39, 140, 3139 
3134, 39, 140, 3139 
3134, 39, 140, 3139 
3134, 39, 140, 3139 
3211, 39, 140, 3139 
3211, 39, 140, 3139 
3211, 39, 140, 3139 
3211, 39, 140, 3139 
3211, 39, 140, 3139 
3211, 39, 140, 3204 
3211, 39, 140, 3204 
3211, 39, 140, 3204 
3281, 39, 140, 3204 
3281, 39, 140, 3204 
3281, 39, 140, 3204 
3281, 39, 140, 3204 
3281, 39, 140, 3204 
3281, 39, 140, 3262 
3281, 39, 140, 3262 
3281, 39, 140, 3262 
3342, 39, 140, 3262 
3342, 39, 140, 3262 
3342, 39, 140, 3262 
3342, 39, 140, 3262 
3342, 39, 140, 3262 
3342, 39, 140, 3262 
3342, 39, 140, 3330 
3342, 39, 140, 3330 
3342, 39, 140, 3330 
3408, 39, 140, 3330 
3408, 39, 140, 3330 
3408, 39, 140, 3330 
3408, 39, 140, 3330 
3408, 39, 140, 3330 
3408, 39, 140, 3384 
3408, 39, 140, 3384 
3472, 39, 140, 3384 
3472, 39, 140, 3384 
3472, 39, 140, 3384 
3472, 39, 140, 3384 
3472, 39, 140, 3384 
3472, 39, 140, 3435 
3472, 39, 140, 3435 
3472, 39, 140, 3435 
3529, 39, 140, 3435 
3529, 39, 140, 3435 
3529, 39, 140, 3435 
3529, 39, 140, 3435 
3529, 39, 140, 3435 
3529, 39, 140, 3435 
3529, 39, 140, 3499 
3529, 39, 140, 3499 
3594, 39, 140, 3499 
3594, 39, 140, 3499 
3594, 39, 140, 3499 
3594, 39, 140, 3499 
3594, 39, 140, 3499 
3594, 39, 140, 3499 
3594, 39, 140, 3552 
3594, 39, 140, 3552 
3658, 39, 140, 3552 
3658, 39, 140, 3552 
3658, 39, 140, 3552 
3658, 39, 140, 3552 
3658, 39, 140, 3552 
3658, 39, 140, 3607 
3658, 39, 140, 3607 
3658, 39, 140, 3607 
3721, 39, 140, 3607 
3721, 39, 140, 3607 
3721, 39, 140, 3607 
3721, 39, 140, 3607 
3721, 39, 140, 3607 
3721, 39, 140, 3607 
3721, 39, 140, 3672 
3721, 39, 140, 3672 
3721, 39, 140, 3672 
3794, 39, 140, 3672 
3794, 39, 140, 3672 
3794, 39, 140, 3672 
3794, 39, 140, 3672 
3794, 39, 140, 3672 
3794, 39, 140, 3727 
3794, 39, 140, 3727 
3855, 39, 140, 3727 
3855, 39, 140, 3727 
3855, 39, 140, 3727 
3855, 39, 140, 3727 
3855, 39, 140, 3727 
3855, 39, 140, 3727 
3855, 39, 140, 3783 
3855, 39, 140, 3783 
3855, 39, 140, 3783 
3922, 39, 140, 3783 
3922, 39, 140, 3783 
3922, 39, 140, 3783 
3922, 39, 140, 3783 
3922, 39, 140, 3783 
3922, 39, 140, 3842 
3922, 39, 140, 3842 
3922, 39, 140, 3842 
3995, 39, 140, 3842 
3995, 39, 140, 3842 
3995, 39, 140, 3842 
3995, 39, 140, 3842 
3995, 39, 140, 3842 
3995, 39, 140, 3889 
3995, 39, 140, 3889 
3995, 39, 140, 3889 
4054, 39, 140, 3889 
4054, 39, 140, 3889 
4054, 39, 140, 3889 
4054, 39, 140, 3889 
4054, 39, 140, 3889 
4054, 39, 140, 3889 
4054, 39, 140, 3951 
4054, 39, 140, 3951 
4126, 39, 140, 3951 
4126, 39, 140, 3951 
4126, 39, 140, 3951 
4126, 39, 140, 3951 
4126, 39, 140, 3951 
4126, 39, 140, 3951 
4126, 39, 140, 4005 
4126, 39, 140, 4005 
4126, 39, 140, 4005 
4190, 39, 140, 4005 
4190, 39, 140, 4005 
4190, 39, 140, 4005 
4190, 39, 140, 4005 
4190, 39, 140, 4005 
4190, 39, 140, 4052 
4190, 39, 140, 4052 
4256, 39, 140, 4052 0, 4173 
4390, 39, 140, 4226 
4390, 39, 140, 4226 
44540, 4291 
4521, 39, 140, 4291 
4521, 39, 140, 4291 
4521, 39, 140, 4291 
4521, 39, 140, 4291 
4521, 39, 140, 4291 
4521, 39, 140, 4343 
4521, 39, 140, 4343 
4578, 39, 140, 4343 
4578, 39, 140, 4343 
4578, 39, 140, 4343 
4578, 39, 140, 4343 
4578, 39, 140, 4343 
4578, 39, 140, 4395 
4578, 39, 140, 4395 
4578, 39, 140, 4395 
4639, 39, 140, 4395 
4639,0, 4460 
4697, 39, 140, 4460 
4697, 39, 140, 4460 
4697, 39, 140, 4460 
4697, 39, 140, 4460 
4697, 39, 140, 4513 
4697, 39, 140, 4513 
4754, 39, 140, 4513 
4754, 39, 140, 4513 
4754, 39, 140, 4513 
4754, 39, 140, 4513 
4754, 39, 140, 4513 
4754, 39, 140, 4513 
4754, 39, 140, 4513 
4754, 39, 140, 4580 
4754, 39, 140, 4580 
4754, 39, 140, 4580 
4828,0, 4580 
4828, 39, 140, 4580 
4828, 39, 140, 4580 
4828, 39, 140, 4580 
4828, 39, 140, 4637 
4828, 39, 140, 4637 
4828, 39, 140, 4637 
4892, 39, 140, 4637 
4892, 39, 140, 4637 
4892, 39, 140, 4637 
4892, 39, 140, 4637 
4892, 39, 140, 4637 
4892, 39, 140, 4687 
4892, 39, 140, 4687 
4953, 39, 140, 4687 
4953, 39, 140, 4687 
4953, 39, 140, 4687 
4953, 39, 140, 4687 
4953, 39, 140, 4687 
4953, 39, 140, 4687 
4953, 39, 140, 4687 
4953, 39, 140, 4752 
4953, 39, 140, 4752 
5020, 39, 140, 4752 
5020, 39, 140, 4752 
5020, 39, 140, 4752 
5020, 39, 140, 4752 
5020, 39, 140, 4752 
5020, 39, 140, 4752 
5020, 39, 140, 4812 
5020, 39, 140, 4812 
5090, 39, 140, 4812 
5090, 39, 140, 4812 
5090, 39, 140, 4812 
5090, 39, 140, 4812 
5090, 39, 140, 4812 
5090, 39, 140, 4863 
5090, 39, 140, 4863 
5090, 39, 140, 4863 
5156, 39, 140, 4863 
5156, 39, 140, 4863 
5156, 39, 140, 4863 
5156, 39, 140, 4863 
5156, 39, 140, 4863 
5156, 39, 140, 4863 
5156, 39, 140, 4927 
5156, 39, 140, 4927 
5156, 39, 140, 4927 
5229, 39, 140, 4927 
5229, 39, 140, 4927 
5229, 39, 140, 4927 
5229, 39, 140, 4927 
5229, 39, 140, 4927 
5229, 39, 140, 4975 
5229, 39, 140, 4975 
5289, 39, 140, 4975 
5289, 39, 140, 4975 
5289, 39, 140, 4975 
5289, 39, 140, 4975 
5289, 39, 140, 4975 
5289, 39, 140, 5020 
5289, 39, 140, 5020 
5289, 39, 140, 5020 
5352, 39, 140, 5020 
5352, 39, 140, 5020 
5352, 39, 140, 5020 
5352, 39, 140, 5020 
5352, 39, 140, 5020 
5352, 39, 140, 5020 
5352, 39, 140, 5085 
5352, 39, 140, 5085 
5352, 39, 140, 5085 
5426, 39, 140, 5085 
5426, 39, 140, 5085 
5426, 39, 140, 5085 
5426, 39, 140, 5085 
5426, 39, 140, 5085 
5426, 39, 140, 5135 
5426, 39, 140, 5135 
5481, 39, 140, 5135 
5481, 39, 140, 5135 
5481, 39, 140, 5135 
5481, 39, 140, 5135 
5481, 39, 140, 5135 
5481, 39, 140, 5135 
5481, 39, 140, 5135 
5481, 39, 140, 5191 
5481, 39, 140, 5191 
5549, 39, 140, 5191 
5549, 39, 140, 5191 
5549, 39, 140, 5191 
5549, 39, 140, 5191 
5549, 39, 140, 5191 
5549, 39, 140, 5191 
5549, 39, 140, 5253 
5549, 39, 140, 5253 
5610, 39, 140, 5253 
5610, 39, 140, 5253 
5610, 39, 140, 5253 
5610, 39, 140, 5253 
5610, 39, 140, 5253 
5610, 39, 140, 5305 
5610, 39, 140, 5305 
5666, 39, 140, 5305 
5666, 39, 140, 5305 
5666, 39, 140, 5305 
5666, 39, 140, 5305 
5666, 39, 140, 5305 
5666, 39, 140, 5305 
5666, 39, 140, 5305 
5666, 39, 140, 5367 
5666, 39, 140, 5367 
5735, 39, 140, 5367 
5735, 39, 140, 5367 
5735, 39, 140, 5367 
5735, 39, 140, 5367 
5735, 39, 140, 5367 
5735, 39, 140, 5367 
5735, 39, 140, 5424 
5735, 39, 140, 5424 
5788, 39, 140, 5424 
5788, 39, 140, 5424 
5788, 39, 140, 5424 
5788, 39, 140, 5424 
5788, 39, 140, 5424 
5788, 39, 140, 5471 
5788, 39, 140, 5471 
5788, 39, 140, 5471 
5847, 39, 140, 5471 
5847, 39, 140, 5471 
5847, 39, 140, 5471 
5847, 39, 140, 5471 
5847, 39, 140, 5471 
5847, 39, 140, 5471 
5847, 39, 140, 5535 
5847, 39, 140, 5535 
5847, 39, 140, 5535 
5915, 39, 140, 5535 
5915, 39, 140, 5535 
5915, 39, 140, 5535 
5915, 39, 140, 5535 
5915, 39, 140, 5535 
5915, 39, 140, 5594 
5915, 39, 140, 5594 
5915, 39, 140, 5594 
5970, 39, 140, 5594 
5970, 39, 140, 5594 
5970, 39, 140, 5594 
5970, 39, 140, 5594 
5970, 39, 140, 5594 
5970, 39, 140, 5643 
5970, 39, 140, 5643 
5970, 39, 140, 5643 
6036, 39, 140, 5643 
6036, 39, 140, 5643 
60, 5889 
6302, 39, 140, 5889 
6302, 39, 140, 5889 
63020, 5943 
6302, 39, 140, 5943 
6372, 39, 140, 5943 
6372, 39, 140, 5943 
6372, 39, 140, 5943 
6372, 39, 140, 5943 
6372, 39, 140, 5943 
6372, 39, 140, 5943 
6372, 39, 140, 5943 
6372, 39, 140, 6011 
6372, 39, 140, 6011 
6439, 39, 140, 6011 
6439, 39, 140, 6011 
6439, 39, 140, 6011 
6439, 39, 140, 6011 
6439, 39, 140, 6011 
6439, 39, 140, 6011 
6439, 39, 140, 6067 
6439, 39, 140, 6067 
6505, 39, 140, 6067 
6505, 39, 140, 6067 
6505, 39, 140, 6067 
6505, 39, 140, 6067 
6505, 39, 140, 6067 
6505, 39, 140, 6110 
6505, 39, 140, 6110 
6505, 39, 140, 6110 
6568, 39, 140, 6110 
6568, 39, 140, 6110 
6568, 39, 140, 6110 
6568, 39, 140, 6110 
6568, 39, 140, 6110 
6568, 39, 140, 6110 
6568, 39, 140, 6167 
6568, 39, 140, 6167 
6568, 39, 140, 6167 
6633, 39, 140, 6167 
6633, 39, 140, 6167 
6633, 39, 140, 6167 
6633, 39, 140, 6167 
6633, 39, 140, 6167 
6633, 39, 140, 6225 
6633, 39, 140, 6225 
6693, 39, 140, 6225 
6693, 39, 140, 6225 
6693, 39, 140, 6225 
6693, 39, 140, 6225 
6693, 39, 140, 6225 
6693, 39, 140, 6272 
6693, 39, 140, 6272 
6693, 39, 140, 6272 
6754, 39, 140, 6272 
6754, 39, 140, 6272 
6754, 39, 140, 6272 
6754, 39, 140, 6272 
6754, 39, 140, 6272 
6754, 39, 140, 6272 
6754, 39, 140, 6331 
6754, 39, 140, 6331 
6754, 39, 140, 6331 
6820, 39, 140, 6331 
6820, 39, 140, 6331 
6820, 39, 140, 6331 
6820, 39, 140, 6331 
6820, 39, 140, 6331 
6820, 39, 140, 6389 
6820, 39, 140, 6389 
6820, 39, 140, 6389 
6874, 39, 140, 6389 
6874, 39, 140, 6389 
6874, 39, 140, 6389 
6874, 39, 140, 6389 
6874, 39, 140, 6389 
6874, 39, 140, 6389 
6874, 39, 140, 6446 
6874, 39, 140, 6446 
6932, 39, 140, 6446 
6932, 39, 140, 6446 
6932, 39, 140, 6446 
6932, 39, 140, 6446 
6932, 39, 140, 6446 
6932, 39, 140, 6446 
6932, 39, 140, 6503 
6932, 39, 140, 6503 
6991, 39, 140, 6503 
6991, 39, 140, 6503 
6991, 39, 140, 6503 
6991, 39, 140, 6503 
6991, 39, 140, 6503 
6991, 39, 140, 6555 
6991, 39, 140, 6555 
6991, 39, 140, 6555 
7047, 39, 140, 6555 
7047, 39, 140, 6555 
7047, 39, 140, 6555 
7047, 39, 140, 6555 
7047, 39, 140, 6555 
7047, 39, 140, 6555 
7047, 39, 140, 6611 
7047, 39, 140, 6611 
7047, 39, 140, 6611 
7114, 39, 140, 6611 
7114, 39, 140, 6611 
7114, 39, 140, 6611 
7114, 39, 140, 6611 
7114, 39, 140, 6611 
7114, 39, 140, 6673 
7114, 39, 140, 6673 
7114, 39, 140, 6673 
7181, 39, 140, 6673 
7181, 39, 140, 6673 
7181, 39, 140, 6673 
7181, 39, 140, 6673 
7181, 39, 140, 6673 
7181, 39, 140, 6725 
7181, 39, 140, 6725 
7181, 39, 140, 6725 
7241, 39, 140, 6725 
7241, 39, 140, 6725 
7241, 39, 140, 6725 
7241, 39, 140, 6725 
7241, 39, 140, 6725 
7241, 39, 140, 6725 
7241, 39, 140, 6783 
7241, 39, 140, 6783 
7241, 39, 140, 6783 
7313, 39, 140, 6783 
7313, 39, 140, 6783 
7313, 39, 140, 6783 
7313, 39, 140, 6783 
7313, 39, 140, 6783 
7313, 39, 140, 6846 
7313, 39, 140, 6846 
7371, 39, 140, 6846 
7371, 39, 140, 6846 
7371, 39, 140, 6846 
7371, 39, 140, 6846 
7371, 39, 140, 6846 
7371, 39, 140, 6891 
7371, 39, 140, 6891 
7371, 39, 140, 6891 
7433, 39, 140, 6891 
7433, 39, 140, 6891 
7433, 39, 140, 6891 
7433, 39, 140, 6891 
7433, 39, 140, 6891 
7433, 39, 140, 6891 
7433, 39, 140, 6951 
7433, 39, 140, 6951 
7433, 39, 140, 6951 
7505, 39, 140, 6951 
7505, 39, 140, 6951 
7505, 39, 140, 6951 
7505, 39, 140, 6951 
7505, 39, 140, 6951 
7505, 39, 140, 7014 
7505, 39, 140, 7014 
7560, 39, 140, 7014 
7560, 39, 140, 7014 
7560, 39, 140, 7014 
7560, 39, 140, 7014 
7560, 39, 140, 7014 
7560, 39, 140, 7014 
7560, 39, 140, 7014 
7560, 39, 140, 7073 
7560, 39, 140, 7073 
7629, 39, 140, 7073 
7629, 39, 140, 7073 
7629, 39, 140, 7073 
7629, 39, 140, 7073 
7629, 39, 140, 7073 
7629, 39, 140, 7073 
7629, 39, 140, 7132 
7629, 39, 140, 7132 
7692, 39, 140, 7132 
7692, 39, 140, 7132 
7692, 39, 140, 7132 
7692, 39, 140, 7132 
7692, 39, 140, 7132 
7692, 39, 140, 7183 
7692, 39, 140, 7183 
7692, 39, 140, 7183 
7747, 39, 140, 7183 
7747, 39, 140, 7183 
7747, 39, 140, 7183 
7747, 39, 140, 7183 
7747, 39, 140, 7183 
7747, 39, 140, 7183 
7747, 39, 140, 7231 
7747, 39, 140, 7231 
7812, 39, 140, 7231 
*************************
-6, 0, -1, -11 
-6, 0, -1, -11 
-6, 0, -1, -11 
-6, 0, -1, -11 
-9, 0, -1, -11 
-9, 0, -1, -11 
-9, 0, -1, -11 
-9, 0, -1, -11 
-9, 0, -1, -11 
-9, 0, -1, -11 
-9, 0, -1, -13 
-9, 0, -1, -13 
-22, 0, -15, -13 
-22, 0, -15, -13 
-22, 0, -15, -13 
-22, 0, -15, -13 
-22, 0, -15, -13 
-22, -6, -15, -21 
-22, -6, -15, -21 
-22, -6, -15, -21 
-71, -6, -70, -21 
-71, -6, -70, -21 
-71, -6, -70, -21 
-71, -6, -70, -21 
-71, -6, -70, -21 
-71, -46, -70, -73 
-71, -46, -70, -73 
-71, -46, -70, -73 
-98, -46, -129, -73 
-98, -46, -129, -73 
-98, -46, -129, -73 
-98, -46, -129, -73 
-98, -46, -129, -73 
-98, -78, -129, -143 
-98, -78, -129, -143 
-98, -78, -129, -143 
-122, -78, -181, -143 
-122, -78, -181, -143 
-122, -78, -181, -143 
-122, -78, -181, -143 
-122, -78, -181, -143 
-122, -119, -181, -207 