*************************
0, 0, 0, 0 
0, 0, 0, 0 
0, 0, 0, 0 
0, 0, 0, 0 
0, 0, 0, 0 
0, 0, 0, 0 
0, 0, 0, 0 
0, 0, 0, 0 
0, 0, 0, 0 
0, 0, 0, 0 
0, -13, 0, 15 
0, -13, 0, 15 
0, -13, 0, 15 
0, -13, 0, 15 
0, -34, 0, 15 
0, -34, 0, 15 
0, -34, 0, 15 
9, -34, -8, 15 
9, -51, -8, 60 
9, -51, -8, 60 
9, -51, -29, 60 
9, -51, -29, 60 
9, -64, -29, 60 
9, -64, -29, 60 
42, -64, -57, 60 
42, -64, -57, 60 
42, -76, -57, 81 
42, -76, -57, 81 
42, -76, -79, 81 
42, -92, -79, 81 
42, -92, -79, 81 
42, -92, -79, 81 
65, -92, -90, 81 
65, -92, -90, 81 
65, -117, -90, 110 
65, -117, -90, 110 
65, -117, -100, 110 
65, -140, -100, 110 
65, -140, -100, 110 
89, -140, -116, 110 
89, -140, -116, 110 
89, -162, -116, 158 
89, -162, -116, 158 
89, -162, -132, 158 
89, -162, -132, 158 
89, -187, -132, 158 
89, -187, -132, 158 
89, -187, -132, 158 
89, -187, -132, 158 
136, -187, -158, 158 
136, -216, -158, 214 
136, -216, -158, 214 
136, -216, -158, 214 
136, -216, -185, 214 
136, -246, -185, 214 
136, -246, -185, 214 
136, -246, -185, 214 
189, -246, -212, 214 
189, -275, -212, 271 
189, -275, -212, 271 
189, -275, -239, 271 
189, -275, -239, 271 
189, -305, -239, 271 
189, -305, -239, 271 
243, -305, -266, 271 
243, -337, -266, 326 
243, -337, -266, 326 
243, -337, -266, 326 
243, -337, -293, 326 
243, -369, -293, 326 
243, -369, -293, 326 
300, -369, -323, 326 
300, -369, -323, 326 
300, -400, -323, 384 
300, -400, -323, 384 
300, -400, -323, 384 
300, -400, -360, 384 
300, -435, -360, 384 
300, -435, -360, 384 
300, -435, -360, 384 
367, -435, -394, 384 
367, -469, -394, 450 
367, -469, -394, 450 
367, -469, -425, 450 
367, -469, -425, 450 
367, -504, -425, 450 
367, -504, -425, 450 
430, -504, -454, 450 
430, -504, -454, 450 
430, -547, -454, 523 
430, -547, -454, 523 
430, -547, -454, 523 
430, -547, -454, 523 
430, -547, -499, 523 
430, -586, -499, 523 
430, -586, -499, 523 
430, -586, -499, 523 
514, -586, -540, 523 
514, -624, -540, 602 
514, -624, -540, 602 
514, -624, -540, 602 
514, -624, -575, 602 
514, -661, -575, 602 
514, -661, -575, 602 
514, -661, -575, 602 
584, -661, -608, 602 
584, -697, -608, 674 
584, -697, -608, 674 
584, -697, -641, 674 
584, -697, -641, 674 
584, -731, -641, 674 
584, -731, -641, 674 
654, -731, -677, 674 
654, -731, -677, 674 
654, -764, -677, 737 
654, -764, -677, 737 
654, -764, -714, 737 
654, -800, -714, 737 
654, -800, -714, 737 
654, -800, -714, 737 
723, -800, -752, 737 
723, -800, -752, 737 
723, -840, -752, 811 
723, -840, -752, 811 
723, -840, -784, 811 
723, -875, -784, 811 
723, -875, -784, 811 
723, -875, -784, 811 
793, -875, -820, 811 
793, -908, -820, 880 
793, -908, -820, 880 
793, -908, -820, 880 
793, -908, -858, 880 
793, -908, -858, 880 
793, -950, -858, 880 
793, -950, -858, 880 
793, -950, -858, 880 
875, -950, -909, 880 
875, -994, -909, 968 
875, -994, -909, 968 
875, -994, -909, 968 
875, -994, -948, 968 
875, -1036, -948, 968 
875, -1036, -948, 968 
875, -1036, -948, 968 
952, -1036, -984, 968 
952, -1070, -984, 1044 
952, -1070, -984, 1044 
952, -1070, -984, 1044 
952, -1070, -1021, 1044 
952, -1106, -1021, 1044 
*************************
0, 0, 0, 0 
0, 0, 0, 0 
0, 0, 0, 0 
0, 0, 0, 0 
0, 0, 0, 0 
0, 0, 0, 0 
0, 0, 0, 0 
0, 0, 0, 0 
0, 0, 0, 0 
0, 0, 0, 0 
0, 0, -2, 0 
0, 0, -2, 0 
0, 0, -2, 0 
0, 0, -2, 0 
21, 0, -21, 0 
21, -10, -21, 12 
21, -10, -21, 12 
21, -10, -21, 12 
21, -10, -49, 12 
21, -30, -49, 12 
21, -30, -49, 12 
21, -30, -49, 12 
60, -30, -76, 12 
60, -30, -76, 12 
60, -55, -76, 66 
60, -55, -76, 66 
60, -55, -88, 66 
60, -76, -88, 66 
60, -76, -88, 66 
60, -76, -88, 66 
80, -76, -97, 66 
80, -96, -97, 110 
80, -96, -97, 110 
80, -96, -112, 110 
80, -96, -112, 110 
80, -117, -112, 110 
80, -117, -112, 110 
113, -117, -129, 110 
113, -136, -129, 156 
113, -136, -129, 156 
113, -136, -129, 156 
113, -136, -151, 156 
113, -136, -151, 156 
113, -161, -151, 156 
113, -161, -151, 156 
113, -161, -151, 156 
167, -161, -179, 156 
167, -161, -179, 156 
167, -199, -179, 205 
167, -199, -179, 205 
167, -199, -213, 205 
167, -199, -213, 205 
167, -230, -213, 205 
167, -230, -213, 205 
224, -230, -243, 205 
224, -261, -243, 261 
224, -261, -243, 261 
224, -261, -243, 261 
224, -261, -271, 261 
224, -292, -271, 261 
224, -292, -271, 261 
280, -292, -298, 261 
280, -292, -298, 261 
280, -323, -298, 318 
280, -323, -298, 318 
280, -323, -298, 318 
280, -323, -333, 318 
280, -357, -333, 318 
280, -357, -333, 318 
349, -357, -369, 318 
349, -357, -369, 318 
349, -391, -369, 382 
349, -391, -369, 382 
349, -391, -405, 382 
349, -391, -405, 382 
349, -425, -405, 382 
349, -425, -405, 382 
419, -425, -438, 382 
419, -461, -438, 451 
419, -461, -438, 451 
419, -461, -438, 451 
419, -461, -470, 451 
419, -496, -470, 451 
419, -496, -470, 451 
419, -496, -470, 451 
491, -496, -511, 451 
491, -496, -511, 451 
491, -537, -511, 524 
491, -537, -511, 524 
491, -537, -511, 524 
491, -537, -557, 524 
491, -537, -557, 524 
491, -588, -557, 524 
491, -588, -557, 524 
583, -588, -603, 524 
583, -588, -603, 524 
583, -625, -603, 616 
583, -625, -603, 616 
583, -625, -639, 616 
583, -663, -639, 616 
583, -663, -639, 616 
583, -663, -639, 616 
-5995, -663, -668, 616 
*************************
0, 0, 0, 0 
0, 0, 0, 0 
0, 0, 0, 0 
0, 0, 0, 0 
0, 0, 0, 0 
0, 0, 0, 0 
0, 0, 0, 0 
0, 0, 0, 0 
0, 0, 0, 0 
0, 0, 0, 0 
0, 0, 0, 0 
0, 0, 3, 0 
0, 0, 3, 0 
0, 0, 3, 0 
0, 0, 3, 0 
25, 0, 23, 0 
25, 11, 23, 14 
25, 11, 23, 14 
25, 11, 23, 14 
25, 11, 46, 14 
25, 27, 46, 14 
25, 27, 46, 14 
25, 27, 46, 14 
61, 27, 64, 14 
61, 44, 64, 65 
61, 44, 64, 65 
61, 44, 79, 65 
61, 44, 79, 65 
61, 70, 79, 65 
61, 70, 79, 65 
61, 70, 79, 65 
115, 70, 100, 65 
115, 107, 100, 98 
115, 107, 100, 98 
115, 107, 100, 98 
115, 107, 121, 98 
115, 139, 121, 98 
115, 139, 121, 98 
167, 139, 148, 98 
167, 139, 148, 98 
167, 166, 148, 144 
167, 166, 148, 144 
167, 166, 179, 144 
167, 166, 179, 144 
167, 192, 179, 144 
167, 192, 179, 144 
167, 192, 179, 144 
235, 192, 218, 144 
235, 192, 218, 144 
235, 237, 218, 222 
235, 237, 218, 222 
235, 237, 218, 222 
235, 237, 264, 222 
235, 279, 264, 222 
235, 279, 264, 222 
235, 279, 264, 222 
320, 279, 300, 222 
320, 316, 300, 300 
320, 316, 300, 300 
320, 316, 300, 300 
320, 316, 340, 300 
320, 355, 340, 300 
320, 355, 340, 300 
396, 355, 379, 300 
396, 355, 379, 300 
396, 393, 379, 379 
396, 393, 379, 379 
396, 393, 418, 379 
396, 432, 418, 379 
396, 432, 418, 379 
396, 432, 418, 379 
481, 432, 459, 379 
481, 473, 459, 461 
481, 473, 459, 461 
481, 473, 459, 461 
481, 473, 459, 461 
481, 473, 521, 461 
481, 531, 521, 461 
481, 531, 521, 461 
481, 531, 521, 461 
583, 531, 562, 461 
583, 573, 562, 561 
583, 573, 562, 561 
583, 573, 562, 561 
583, 573, 605, 561 
583, 615, 605, 561 
583, 615, 605, 561 
669, 615, 648, 561 
669, 615, 648, 561 
669, 659, 648, 647 
669, 659, 648, 647 
669, 659, 648, 647 
669, 659, 700, 647 
669, 659, 700, 647 
669, 719, 700, 647 
669, 719, 700, 647 
669, 719, 700, 647 
783, 719, 760, 647 
783, 768, 760, 757 
783, 768, 760, 757 
783, 768, 802, 757 
783, 768, 802, 757 
783, 809, 802, 757 
783, 809, 802, 757 
868, 809, 847, 757 
868, 809, 847, 757 
868, 853, 847, 842 
868, 853, 847, 842 
868, 853, 893, 842 
868, 899, 893, 842 
868, 899, 893, 842 
868, 899, 893, 842 
959, 899, 937, 842 
959, 943, 937, 932 
959, 943, 937, 932 
959, 943, 937, 932 
959, 943, 981, 932 
959, 988, 981, 932 
959, 988, 981, 932 
959, 988, 981, 932 
1055, 988, 1034, 932 
1055, 1038, 1034, 1028 
1055, 1038, 1034, 1028 
1055, 1038, 1034, 1028 
1055, 1038, 1079, 1028 
1055, 1080, 1079, 1028 
1055, 1080, 1079, 1028 
1055, 1080, 1079, 1028 
1141, 1080, 1124, 1028 
1141, 1124, 1124, 1114 
1141, 1124, 1124, 1114 
1141, 1124, 1169, 1114 
1141, 1124, 1169, 1114 
1141, 1168, 1169, 1114 
1141, 1168, 1169, 1114 
1141, 1168, 1169, 1114 
1236, 1168, 1222, 1114 
1236, 1168, 1222, 1114 
1236, 1232, 1222, 1223 
1236, 1232, 1222, 1223 
1236, 1232, 1222, 1223 
1236, 1232, 1280, 1223 
1236, 1283, 1280, 1223 
1236, 1283, 1280, 1223 
1236, 1283, 1280, 1223 
1336, 1283, 1324, 1223 
1336, 1324, 1324, 1315 
1336, 1324, 1324, 1315 
1336, 1324, 1366, 1315 
1336, 1324, 1366, 1315 
1336, 1367, 1366, 1315 
1336, 1367, 1366, 1315 
1420, 1367, 1410, 1315 
1420, 1411, 1410, 1401 
1420, 1411, 1410, 1401 
1420, 1411, 1410, 1401 
1420, 1411, 1453, 1401 
1420, 1454, 1453, 1401 
1420, 1454, 1453, 1401 
1504, 1454, 1496, 1401 
1504, 1454, 1496, 1401 
1504, 1498, 1496, 1489 
1504, 1498, 1496, 1489 
1504, 1498, 1496, 1489 
1504, 1498, 1545, 1489 
1504, 1547, 1545, 1489 
1504, 1547, 1545, 1489 
1504, 1547, 1545, 1489 
1601, 1547, 1586, 1489 
1601, 1588, 1586, 1581 
1601, 1588, 1586, 1581 
1601, 1588, 1630, 1581 
1601, 1588, 1630, 1581 
1601, 1631, 1630, 1581 
1601, 1631, 1630, 1581 
1686, 1631, 1674, 1581 
1686, 1674, 1674, 1668 
1686, 1674, 1674, 1668 
1686, 1674, 1674, 1668 
1686, 1674, 1674, 1668 
1686, 1674, 1727, 1668 
1686, 1674, 1727, 1668 
1686, 1735, 1727, 1668 
1686, 1735, 1727, 1668 
1686, 1735, 1727, 1668 
1797, 1735, 1786, 1668 
1797, 1786, 1786, 1777 
1797, 1786, 1786, 1777 
1797, 1786, 1786, 1777 
1797, 1786, 1830, 1777 
1797, 1828, 1830, 1777 
1797, 1828, 1830, 1777 
1885, 1828, 1873, 1777 
1885, 1828, 1873, 1777 
1885, 1867, 1873, 1860 
1885, 1867, 1873, 1860 
1885, 1867, 1913, 1860 
1885, 1908, 1913, 1860 
1885, 1908, 1913, 1860 
1885, 1908, 1913, 1860 
1968, 1908, 1957, 1860 
1968, 1950, 1957, 1945 
1968, 1950, 1957, 1945 
1968, 1950, 2001, 1945 
1968, 1950, 2001, 1945 
1968, 1993, 2001, 1945 
1968, 1993, 2001, 1945 
1968, 1993, 2001, 1945 
2060, 1993, 2050, 1945 
2060, 2044, 2050, 2037 
2060, 2044, 2050, 2037 
2060, 2044, 2092, 2037 
2060, 2044, 2092, 2037 
2060, 2087, 2092, 2037 
2060, 2087, 2092, 2037 
2146, 2087, 2136, 2037 
2146, 2130, 2136, 2123 
2146, 2130, 2136, 2123 
2146, 2130, 2136, 2123 
2146, 2130, 2178, 2123 
2146, 2172, 2178, 2123 
2146, 2172, 2178, 2123 
2146, 2172, 2178, 2123 
2236, 2172, 2227, 2123 
2236, 2172, 2227, 2123 
2236, 2228, 2227, 2222 
2236, 2228, 2227, 2222 
2236, 2228, 2227, 2222 
2236, 2228, 2285, 2222 
2236, 2276, 2285, 2222 
2236, 2276, 2285, 2222 
2236, 2276, 2285, 2222 
2327, 2276, 2323, 2222 
2327, 2317, 2323, 2311 
2327, 2317, 2323, 2311 
2327, 2317, 2361, 2311 
2327, 2317, 2361, 2311 
2327, 2355, 2361, 2311 
2327, 2355, 2361, 2311 
2408, 2355, 2401, 2311 
2408, 2355, 2401, 2311 
2408, 2397, 2401, 2393 
2408, 2397, 2401, 2393 
2408, 2397, 2445, 2393 
2408, 2440, 2445, 2393 
2408, 2440, 2445, 2393 
2408, 2440, 2445, 2393 
2491, 2440, 2488, 2393 
2491, 2483, 2488, 2478 
2491, 2483, 2488, 2478 
2491, 2483, 2488, 2478 
2491, 2483, 2536, 2478 
2491, 2532, 2536, 2478 
2491, 2532, 2536, 2478 
2491, 2532, 2536, 2478 
2580, 2532, 2577, 2478 
2580, 2574, 2577, 2569 
2580, 2574, 2577, 2569 
2580, 2574, 2618, 2569 
2580, 2574, 2618, 2569 
2580, 2616, 2618, 2569 
2580, 2616, 2618, 2569 
2665, 2616, 2659, 2569 
2665, 2616, 2659, 2569 
2665, 2657, 2659, 2653 
2665, 2657, 2659, 2653 
2665, 2657, 2659, 2653 
2665, 2657, 2708, 2653 
2665, 2657, 2708, 2653 
2665, 2715, 2708, 2653 
2665, 2715, 2708, 2653 
2665, 2715, 2708, 2653 
2775, 2715, 2766, 2653 
2775, 2763, 2766, 2763 
2775, 2763, 2766, 2763 
2775, 2763, 2766, 2763 
2775, 2763, 2766, 2763 
2775, 2763, 2822, 2763 
2775, 2817, 2822, 2763 
2775, 2817, 2822, 2763 
2775, 2817, 2822, 2763 
2872, 2817, 2864, 2763 
2872, 2860, 2864, 2856 
2872, 2860, 2864, 2856 
2872, 2860, 2907, 2856 
2872, 2860, 2907, 2856 
2872, 2903, 2907, 2856 
2872, 2903, 2907, 2856 
2957, 2903, 2951, 2856 
*************************
16, 34, 18, 13 
16, 34, 18, 13 
36, 34, 20, 13 
36, 34, 20, 13 
36, 50, 20, 14 
36, 50, 20, 14 
36, 50, 20, 14 
36, 50, 21, 14 
36, 60, 21, 14 
36, 60, 21, 14 
36, 60, 21, 14 
50, 60, 10, 14 
50, 64, 10, 10 
50, 64, 10, 10 
50, 64, 10, 10 
50, 64, -14, 10 
50, 59, -14, 10 
50, 59, -14, 10 
45, 59, -45, 10 
45, 59, -45, 10 
45, 56, -45, -34 
45, 56, -45, -34 
45, 56, -80, -34 
45, 56, -80, -34 
45, 48, -80, -34 
45, 48, -80, -34 
42, 48, -111, -34 
42, 33, -111, -95 
42, 33, -111, -95 
42, 33, -111, -95 
42, 33, -133, -95 
42, 33, -133, -95 
42, 9, -133, -95 
42, 9, -133, -95 
-20, 9, -159, -95 
-20, -22, -159, -149 
-20, -22, -159, -149 
-20, -22, -159, -149 
-20, -22, -192, -149 
-20, -58, -192, -149 
-20, -58, -192, -149 
-20, -58, -192, -149 
-63, -58, -230, -149 
-63, -94, -230, -217 
-63, -94, -230, -217 
-703, -787, -912, -844 
-703, -787, -912, -844 
-793, -47, -1018 
-882, -920, -1100, -1018 
-882, -970, -1100, -1018 
-882, -970, -1100, -1018 
-882, -970, -1100, -1018 
-977, -970, -1139, -1018 
-977, -1011, -1139, -1109 
-977, -1011, -1139, -1109 
-977, -1011, -1182, -1109 
-977, -1011, -1182, -1109 
-977, -1056, -1182, -1109 
-977, -1056, -1182, -1109 
-1067, -1056, -1226, -1109 
-1067, -1056, -1226, -1168, -1280, -1197 
-1185, -1168, -1342, -1197 
-1185, -1220, -1342, -1307 
-1185, -1220, -1342, -1307 
-1185, -1220, -1385, -1307 
-1185, -1220, -1385, -1307 
-1185, -1266, -1385, -1307 
-1185, -1266, -1385, -1307 
-1273, -1266, -1431, -1307 
-1273, -1266, -1431, -1307 
-1273, -1310, -1431, -1395 
-1273, -1310, -1431, -1395 
-1273, -1310, -1474, -1395 
-1273, -1355, -1474, -1395 
-1273, -1355, -1474, -1395 
-1273, -1355, -1474, -1395 
-1360, -1355, -1518, -1395 
-1360, -1400, -1518, -1483 
-1360, -1400, -1518, -1483 
-1360, -1400, -1518, -1483 
-1360, -1400, -1563, -1483 
-1360, -1445, -1563, -1483 
-1360, -1445, -1563, -1483 
-1360, -1445, -1563, -1483 
-1456, -1445, -1614, -1483 
-1456, -1496, -1614, -1577 
-1456, -1496, -1614, -1577 
-1456, -1496, -1614, -1577 
-1456, -1496, -1614, -1577 
-1456, -1496, -1668, -1577 
-1456, -1553, -1668, -1577 
-1456, -1553, -1668, -1577 
-1557, -1553, -1712, -1577 
-1557, -1553, -1712, -1577 
-1557, -1597, -1712, -1676 
-1557, -1597, -1712, -1676 
-1557, -1597, -1755, -1676 
-1557, -1597, -1755, -1676 
-1557, -1642, -1755, -1676 
-1557, -1642, -1755, -1676 
-1557, -1642, -1755, -1676 
-1652, -1642, -1808, -1676 
-1652, -1642, -1808, -1676 
-1652, -1705, -1808, -1780 
-1652, -1705, -1808, -1780 
-1652, -1705, -1808, -1780 
-1652, -1705, -1867, -1780 
-1652, -1756, -1867, -1780 
-1652, -1756, -1867, -1780 
-1652, -1756, -1867, -1780 
-1757, -1756, -1910, -1780 
-1757, -1799, -1910, -1872 
-1757, -1799, -1910, -1872 
-1757, -1799, -1910, -1872 
-1757, -1799, -1952, -1872 
-1757, -1843, -1952, -1872 
-1757, -1843, -1952, -1872 
-1846, -1843, -1994, -1872 
-1846, -1843, -1994, -1872 
-1846, -1887, -1994, -1957 
-1846, -1887, -1994, -1957 
-1846, -1887, -2038, -1957 
-1846, -1929, -2038, -1957 
-1846, -1929, -2038, -1957 
-1846, -1929, -2038, -1957 
-1932, -1929, -2080, -1957 
-1932, -1972, -2080, -2042 
-1932, -1972, -2080, -2042 
-1932, -1972, -2080, -2042 
-1932, -1972, -2130, -2042 
-1932, -2022, -2130, -2042 
-1932, -2022, -2130, -2042 
-1932, -2022, -2130, -2042 
-2024, -2022, -2174, -2042 
-2024, -2065, -2174, -2132 
-2024, -2065, -2174, -2132 
-2024, -2065, -2216, -2132 
-2024, -2065, -2216, -2132 
-2024, -2106, -2216, -2132 
-2024, -2106, -2216, -2132 
-2113, -2106, -2259, -2132 
-2113, -2106, -2259, -2132 
-2113, -2148, -2259, -2217 
-2113, -2148, -2259, -2217 
-2113, -2148, -2259, -2217 
-2113, -2148, -2309, -2217 
-2113, -2148, -2309, -2217 
-2113, -2210, -2309, -2217 
-2113, -2210, -2309, -2217 
-2113, -2210, -2309, -2217 
-2225, -2210, -2367, -2217 
-2225, -2260, -2367, -2325 
-2225, -2260, -2367, -2325 
-2225, -2260, -2408, -2325 
-2225, -2260, -2408, -2325 
-2225, -2302, -2408, -2325 
-2225, -2302, -2408, -2325 
-2307, -2302, -2448, -2325 
-2307, -2302, -2448, -2325 
-2307, -2344, -2448, -2409 
-2307, -2344, -2448, -2409 
-2307, -2344, -2488, -2409 
-2307, -2383, -2488, -2409 
-2307, -2383, -2488, -2409 
-2392, -2383, -2528, -2409 
-2392, -2383, -2528, -2409 
-2392, -2423, -2528, -2491 
-2392, -2423, -2528, -2491 
-2392, -2423, -2570, -2491 
-2392, -2423, -2570, -2491 
-2392, -2465, -2570, -2491 
-2392, -2465, -2570, -2491 
-2478, -2465, -2615, -2491 
-2478, -2465, -2615, -2491 
-2478, -2513, -2615, -2579 
-2478, -2513, -2615, -2579 
-2478, -2513, -2657, -2579 
-2478, -2555, -2657, -2579 
-2478, -2555, -2657, -2579 
-2478, -2555, -2657, -2579 
-2563, -2555, -2700, -2579 
-2563, -2595, -2700, -2662 
-2563, -2595, -2700, -2662 
-2563, -2595, -2700, -2662 
-2563, -2595, -2741, -2662 
-2563, -2636, -2741, -2662 
-2563, -2636, -2741, -2662 
-2563, -2636, -2741, -2662 
-2655, -2636, -2789, -2662 
-2655, -2636, -2789, -2662 
-2655, -2696, -2789, -2763 
-2655, -2696, -2789, -2763 
-2655, -2696, -2789, -2763 
-2655, -2696, -2845, -2763 
-2655, -2743, -2845, -2763 
-2655, -2743, -2845, -2763 
-2655, -2743, -2845, -2763 
-2754, -2743, -2886, -2763 
-2754, -2784, -2886, -2853 
-2754, -2784, -2886, -2853 
-2754, -2784, -2925, -2853 
-2754, -2784, -2925, -2853 
-2754, -2824, -2925, -2853 
-2754, -2824, -2925, -2853 
-2834, -2824, -2964, -2853 
*************************
0, 0, 0, 0 
0, 0, 0, 0 
0, 0, 0, 0 
0, 0, 0, 0 
0, 0, 0, 0 
0, 0, 0, 0 
0, 0, 0, 0 
0, 0, 0, 0 
0, 0, 0, 0 
0, 0, 0, 0 
0, 0, 2, 0 
0, 0, 2, 0 
0, 0, 2, 0 
0, 0, 2, 0 
-16, 0, 19, 0 
-16, 0, 19, 0 
-16, 7, 19, -9 
-16, 7, 19, -9 
-16, 7, 46, -9 
-16, 27, 46, -9 
-16, 27, 46, -9 
-16, 27, 46, -9 
-20, 27, 67, -9 
-20, 47, 67, -47 
-20, 47, 67, -47 
-20, 47, 67, -47 
-20, 47, 83, -47 
-20, 63, 83, -47 
-20, 63, 83, -47 
-40, 63, 102, -47 
-40, 63, 102, -47 
-40, 78, 102, -69 
-40, 78, 102, -69 
-40, 78, 102, -69 
-40, 78, 127, -69 
-40, 98, 127, -69 
-40, 98, 127, -69 
-40, 98, 127, -69 
-71, 98, 149, -69 
-71, 118, 149, -111 
-71, 118, 149, -111 
-71, 118, 168, -111 
-71, 118, 168, -111 
-71, 140, 168, -111 
-71, 140, 168, -111 
-71, 140, 168, -111 
-95, 140, 195, -111 
-95, 140, 195, -111 
-95, 174, 195, -173 
-95, 174, 195, -173 
-95, 174, 195, -173 
-95, 174, 229, -173 
-95, 204, 229, -173 
-95, 204, 229, -173 
-95, 204, 229, -173 
-136, 204, 265, -173 
-136, 240, 265, -239 
-136, 240, 265, -239 
-136, 240, 265, -239 
-136, 240, 296, -239 
-136, 268, 296, -239 
-136, 268, 296, -239 
-163, 268, 328, -239 
-163, 268, 328, -239 
-163, 299, 328, -296 
-163, 299, 328, -296 
-163, 299, 328, -296 
-163, 299, 367, -296 
-163, 299, 367, -296 
-163, 339, 367, -296 
-163, 339, 367, -296 
-198, 339, 399, -296 
-198, 374, 399, -370 
-198, 374, 399, -370 
-198, 374, 399, -370 
-198, 374, 434, -370 
-198, 408, 434, -370 
-198, 408, 434, -370 
-198, 408, 434, -370 
-245, 408, 473, -370 
-245, 408, 473, -370 
-245, 445, 473, -444 
-245, 445, 473, -444 
-245, 445, 506, -444 
-245, 478, 506, -444 
-245, 478, 506, -444 
-245, 478, 506, -444 
-273, 478, 539, -444 
-273, 514, 539, -512 
-273, 514, 539, -512 
-273, 514, 539, -512 
-273, 514, 581, -512 
-273, 514, 581, -512 
-273, 565, 581, -512 
-273, 565, 581, -512 
-273, 565, 581, -512 
-323, 565, 628, -512 
-323, 600, 628, -599 
-323, 600, 628, -599 
-323, 600, 628, -599 
-323, 600, 667, -599 
-323, 636, 667, -599 
-323, 636, 667, -599 
-359, 636, 702, -599 
-359, 636, 702, -599 
-359, 673, 702, -672 
-359, 673, 702, -672 
-359, 673, 740, -672 
-359, 673, 740, -672 
-359, 712, 740, -672 
-359, 712, 740, -672 
-412, 712, 779, -672 
-412, 749, 779, -749 
-412, 749, 779, -749 
-412, 749, 779, -749 
-412, 749, 817, -749 
-412, 784, 817, -749 
-412, 784, 817, -749 
-450, 784, 853, -749 
-450, 784, 853, -749 
-450, 819, 853, -819 
-450, 819, 853, -819 
-450, 819, 853, -819 
-450, 819, 896, -819 
-450, 864, 896, -819 
-450, 864, 896, -819 
-450, 864, 896, -819 
-494, 864, 936, -819 
-494, 903, 936, -904 
-494, 903, 936, -904 
-494, 903, 976, -904 
-494, 903, 976, -904 
-494, 938, 976, -904 
-494, 938, 976, -904 
-494, 938, 976, -904 
-543, 938, 1020, -904 
-543, 938, 1020, -904 
-543, 990, 1020, -988 
-543, 990, 1020, -988 
-543, 990, 1067, -988 
-543, 990, 1067, -988 
-543, 1029, 1067, -988 
-543, 1029, 1067, -988 
-543, 1029, 1067, -988 
-611, 1029, 1112, -988 
-611, 1073, 1112, -1069 
-611, 1073, 1112, -1069 
-611, 1073, 1149, -1069 
-611, 1073, 1149, -1069 
-611, 1111, 1149, -1069 
-611, 1111, 1149, -1069 
-659, 1111, 1188, -1069 
-659, 1149, 1188, -1144 
-659, 1149, 1188, -1144 
-659, 1149, 1188, -1144 
-659, 1149, 1226, -1144 
-659, 1186, 1226, -1144 
-659, 1186, 1226, -1144 
-707, 1186, 1265, -1144 
-707, 1186, 1265, -1144 
-707, 1224, 1265, -1219 
-707, 1224, 1265, -1219 
-707, 1224, 1303, -1219 
-707, 1224, 1303, -1219 
-707, 1260, 1303, -1219 
-707, 1260, 1303, -1219 
-707, 1260, 1303, -1219 
-769, 1260, 1347, -1219 
-769, 1302, 1347, -1294 
-769, 1302, 1347, -1294 
-769, 1302, 1386, -1294 
-810, 1340, 1425, -1294 
-810, 1379, 1425, -1374 
-810, 1379, 1425, -1374 
-810, 1379, 1425, -1374 
-810, 1379, 1470, -1374 
-810, 1379, 1470, -1374 
-810, 1430, 1470, -1374 
-810, 1430, 1470, -1374 
-810, 1430, 1470, -1374 
-873, 1430, 1517, -1374 
-873, 1468, 1517, -1459 
-873, 1468, 1517, -1459 
-873, 1468, 1517, -1459 
-873, 1468, 1562, -1459 
-873, 1513, 1562, -1459 
-873, 1513, 1562, -1459 
-873, 1513, 1562, -1459 
-918, 1513, 1599, -1459 
-918, 1550, 1599, -1543 
-918, 1550, 1599, -1543 
-918, 1550, 1637, -1543 
-918, 1550, 1637, -1543 
-918, 1586, 1637, -1543 
-918, 1586, 1637, -1543 
-980, 1586, 1675, -1543 
-980, 1586, 1675, -1543 
-980, 1623, 1675, -1615 
-980, 1623, 1675, -1615 
-980, 1623, 1714, -1615 
-980, 1661, 1714, -1615 
-980, 1661, 1714, -1615 
-980, 1661, 1714, -1615 
-1016, 1661, 1752, -1615 
-1016, 1699, 1752, -1693 
-1016, 1699, 1752, -1693 
-1016, 1699, 1752, -1693 
-1016, 1699, 1796, -1693 
-1016, 1740, 1796, -1693 
-1016, 1740, 1796, -1693 
-1016, 1740, 1796, -1693 
-1067, 1740, 1834, -1693 
-1067, 1776, 1834, -1769 
-1067, 1776, 1834, -1769 
-1067, 1776, 1873, -1769 
-1067, 1776, 1873, -1769 
-1067, 1814, 1873, -1769 
-1067, 1814, 1873, -1769 
-1067, 1814, 1873, -1769 
-1113, 1814, 1917, -1769 
-1113, 1814, 1917, -1769 
-1113, 1866, 1917, -1860 
-1113, 1866, 1917, -1860 
-1113, 1866, 1964, -1860 
-1113, 1866, 1964, -1860 
-1113, 1902, 1964, -1860 
-1113, 1902, 1964, -1860 
-1113, 1902, 1964, -1860 
-1173, 1902, 2010, -1860 
-1173, 1944, 2010, -1939 
-1173, 1944, 2010, -1939 
-1173, 1944, 2048, -1939 
-1173, 1944, 2048, -1939 
-1173, 1981, 2048, -1939 
-1173, 1981, 2048, -1939 
-1215, 1981, 2088, -1939 
-1215, 2018, 2088, -2015 
-1215, 2018, 2088, -2015 
-1215, 2018, 2088, -2015 
-1215, 2018, 2127, -2015 
-1215, 2056, 2127, -2015 
-1215, 2056, 2127, -2015 
-1249, 2056, 2166, -2015 
-1249, 2056, 2166, -2015 
-1249, 2091, 2166, -2092 
-1249, 2091, 2166, -2092 
-1249, 2091, 2200, -2092 
-1249, 2122, 2200, -2092 
-1249, 2122, 2200, -2092 
-1249, 2122, 2200, -2092 
-1286, 2122, 2236, -2092 
-1286, 2122, 2236, -2092 
-1286, 2156, 2236, -2166 
-1286, 2156, 2236, -2166 
-1286, 2156, 2267, -2166 
-1286, 2187, 2267, -216, 2526, 2618, -2499 
-1514, 2526, 2618, -2499 
-1514, 2, 2587, 2676, -2552 
-1542, 2587, 2676, -2552 
-1542, 2619, 2676, -2611 
-1542, 2619, 2676, -2611 
-1542, 2619, 2702, -2611 
-1542, 2619, 2702, -2611 
-1542, 2645, 2702, -2611 
-1542, 2645, 2702, -2611 
-1570, 2645, 2728, -2611 
-1570, 2667, 2728, -2656 
-1570, 2667, 2728, -2656 
-1570, 2667, 2728, -2656 
-1570, 2667, 2753, -2656 
-1570, 2686, 2753, 2709, 2799, -2699 
-1594, 2737, 2799, -2699 
-1594, 2737, 2799, -2699 
-1594, 2737, 2799, -2699 
-1618, 2737, 2825, -2699 
-1618, 2770, 2825, -2760 
-1618, 2770, 2825, -2760 
-1618, 2770, 2849, -2760 
-1618, 2770, 2849, -2760 
-1618, 2796, 2849, -2760 
-1618, 2796, 2849, -2760 
-1642, 2796, 2873, -2760 
-1642, 2817, 2873, -2806 
-1642, 2817, 2873, 2817, 2873, -2806 
-1642, 2817, 2904, -2806 
-1642, 2817, 2904, -2806 
-1642, 2817, 2904, -2806 
-1642, 2845, 2904, -2806 
-1642, 2845, 2904, -2806 
-1673, 2845, 2934, -2806 
-1673, 2867, 2934, -2857 
-1673, 2867, 2934, -2857 
-1673, 2867, 2934, -2857 
-1673, 2867, 2964, -2857 
-1673, 2867, 2964, -2857 
-1673, 2898, 2964, -2857 
-1673, 2898, 2964, -2857 
-1699, 2898, 2991, -2857 
-1699, 2928, 2991, -2920 
-1699, 2928, 2991, -2920 
-1699, 2928, 2991, -2920 
-1699, 2928, 3018, -2920 
-1699, 2955, 3018, -2946 
-1699, 2955, 3018, -2946 
-1722, 2955, 3045, -2946 
-1722, 2955, 3045, -2946 
-1722, 2978, 3045, -2966 
-1722, 2978, 3045, -2966 
-1722, 2978, 3071, -2966 
-1722, 2978, 3071, -2966 
-1722, 2997, 3071, -2986 
-1722, 2997, 3071, -2986 
-1747, 2997, 3095, -2986 
-1747, 3018, 3095, -3009 
-1747, 3018, 3095, -3009 
-1747, 3018, 3095, -3009 
-1747, 3018, 3123, -3009 
-1747, 3018, 3123, -3009 
-1747, 3048, 3123, -3037 
-1747, 3048, 3123, -3037 
-1778, 3048, 3147, -3037 
-1778, 3075, 3147, -3064 
-1778, 3075, 3147, -3064 
-1778, 3075, 3173, -3064 
-1778, 3075, 3173, -3064 
-1778, 3102, 3173, -3090 
-1778, 3102, 3173, -3090 
-1778, 3102, 3173, -3090 
-1808, 3102, 3205, -3090 
-1808, 3102, 3205, -3090 
-1808, 3135, 3205, -3122 
-1808, 3135, 3205, -3122 
-1808, 3135, 3238, -3122 
-1808, 3135, 3238, -3122 
-1808, 3160, 3238, -3146 
-1808, 3160, 3238, -3146 
-1808, 3160, 3238, -3146 
-1846, 3160, 3268, -3146 
-1846, 3188, 3268, -3174 
-1846, 3188, 3268, -3174 
-1846, 3188, 3268, -3174 
-1846, 3188, 3293, -3174 
-1846, 3214, 3293, -3200 
-1846, 3214, 3293, -3200 
-1878, 3214, 3320, -3200 
-1878, 3240, 3320, -3226 
-1878, 3240, 3320, -3226 
-1878, 3240, 3320, -3226 
-1878, 3240, 3347, -3226 
-1878, 3264, 3347, -3250 
-1878, 3264, 3347, -3250 
-1878, 3264, 3347, -3250 
-1901, 3264, 3375, -3250 
-1901, 3289, 3375, -3274 
-1901, 3289, 3375, -3274 
-1901, 3289, 3400, -3274 
-1901, 3289, 3400, -3274 
-1901, 3316, 3400, -3300 
-1901, 3316, 3400, -3300 
-1901, 3316, 3400, -3300 
-1930, 3316, 3429, -3300 
-1930, 3346, 3429, -3329 
-1930, 3346, 3429, -3329 
-1930, 3346, 3429, -3329 
-1930, 3346, 3454, -3329 
-1930, 3370, 3454, -3352 
-1930, 3370, 3454, -3352 
-1953, 3370, 3480, -3352 
-1953, 3370, 3480, -3352 
-1953, 3396, 3480, -3375 
-1953, 3396, 3480, -3375 
-1953, 3396, 3480, -3375 
-1953, 3396, 3514, -3375 
-1953, 3396, 3514, -3375 
-1953, 3432, 3514, -3410 
-1953, 3432, 3514, -3410 
-1981, 3432, 3546, -3410 
-1981, 3432, 3546, -3410 
-1981, 3459, 3546, -3436 
-1981, 3459, 3546, -3436 
-1981, 3459, 3546, -3436 
-1981, 3459, 3572, -3436 
-1981, 3487, 3572, -3463 
-1981, 3487, 3572, -3463 
-2007, 3487, 3593, -3463 
-2007, 3507, 3593, -3484 
-2007, 3507, 3593, -3484 
-2007, 3507, 3593, -3484 
-2007, 3507, 3614, -3484 
-2007, 3528, 3614, -3504 
-2007, 3528, 3614, -3504 
-2007, 3528, 3614, -3504 
-2025, 3528, 3640, -3504 
-2025, 3553, 3640, -3529 
-2025, 3553, 3640, -3529 
-2025, 3553, 3640, -3529 
-2025, 3553, 3675, -3529 
-2025, 3589, 3675, -3562 
-2025, 3589, 3675, -3562 
-2025, 3589, 3675, -3562 
-2051, 3589, 3703, -3562 
-2051, 3615, 3703, -3587 
-2051, 3615, 3703, -3587 
-2051, 3615, 3703, -3587 
-2051, 3615, 3731, -3587 
-2051, 3642, 3731, -3612 
-2051, 3642, 3731, -3612 
-2051, 3642, 3731, -3612 , 3919, 4035, -3877 
-2194, 3943, 4035, -3899 
-2194, 3, 3994, 4103, -3957 
-2234, 4015, 4103, -3978 
-2234, 4015, 4103, -3978 
-2234, 4015, 4103, -3978 
-2234, 4015, 4130, -3978 
-2234, 4015, 4130, -3978 
-2234, 4041, 4130, -4002 
-2234, 4041, 4130, -4002 
-2253, 4041, 4156, -4002 
-2253, 4065, 4156, -4026 
-2253, 4065, 4156, -4026 
-2253, 4065, 4156, -4026 
-2253, 4065, 4181, -4026 
-2253, 4089, 4181, 4089, 4203, -4050 
-2285, 4113, 4203, -4073 
-2285, 4113, 4203, -4073 
-2285, 4113, 4223, -4073 
-2285, 4133, 4223, -4097 
-2285, 4133, 4223, -4097 
-2285, 4133, 4223, -4097 
-2323, 4133, 4245, -4097 
-2323, 4155, 4245, -4119 
-2323, 4155, 4245, -4119 
-2323, 4155, 4245, -4119 
-2323, 4155, 4272, -4119 
-2323, 4183, 4272, -4145 
-2323, 4183, 4272, -4145 
-2323, 4183, 4272, -4145 
-2339, 4183, 4297, -4145 
-2339, 4208, 4297, -4171 
-2339, 4208, 4297, -4171 
-2339, 4208, 4324, -4171 
-2339, 4208, 4324, -4171 
-2339, 4231, 4324, -4196 
-2339, 4231, 4324, -4196 
-2339, 4231, 4324, -4196 
-2345, 4231, 4353, -4196 
-2345, 4231, 4353, -4196 
-2345, 4264, 4353, -4229 
-2345, 4264, 4353, -4229 
-2345, 4264, 4379, -4229 
-2345, 4264, 4379, -4229 
-2345, 4284, 4379, -4251 
-2345, 4284, 4379, -4251 
-2345, 4284, 4379, -4251 
-2365, 4284, 4403, -4251 
-2365, 4305, 4403, -4276 
-2365, 4305, 4403, -4276 
-2365, 4305, 4425, -4276 
-2365, 4305, 4425, -4276 
-2365, 4326, 4425, -4297 
-2365, 4326, 4425, -4297 
-2382, 4326, 4450, -4297 
-2382, 4349, 4450, -4320 
-2382, 4349, 4450, -4320 
-2382, 4349, 4450, -4320 
-2382, 4349, 4476, -4320 
-2382, 4375, 4476, -4346 
-2382, 4375, 4476, -4346 
-2402, 4375, 4502, -4346 
-2402, 4375, 4502, -4346 
-2402, 4399, 4502, -4370 
-2402, 4399, 4502, -4370 
-2402, 4399, 4525, -4370 
-2402, 4399, 4525, -4370 
-2402, 4424, 4525, -4393 
-2402, 4424, 4525, -4393 
-2402, 4424, 4525, -4393 
-2417, 4424, 4551, -4393 
-2417, 4449, 4551, -4420 
-2417, 4449, 4551, -4420 
-2417, 4449, 4570, -4420 
-2417, 4469, 4570, -4441 
-2417, 4469, 4570, -4441 
-2417, 4469, 4570, -4441 
-2430, 4469, 4592, -4441 
-2430, 4492, 4592, -4462 
-2430, 4492, 4592, -4462 
-2430, 4492, 4592, -4462 
-2430, 4492, 4621, -4462 
-2430, 4492, 4621, -4462 
-2430, 4527, 4621, -4493 
-2430, 4527, 4621, -4493 
-2430, 4527, 4621, -4493 
-2451, 4527, 4651, -4493 
-2451, 4549, 4651, -4516 
-2451, 4549, 4651, -4516 
-2451, 4549, 4651, -4516 
-2451, 4549, 4677, -4516 
-2451, 4577, 4677, -4543 
-2451, 4577, 4677, -4543 
-2451, 4577, 4677, -4543 
-2467, 4577, 4699, -4543 
-2467, 4601, 4699, -4567 
-2467, 4601, 4699, -4567 
-2467, 4601, 4699, -4567 
-2467, 4601, 4720, -4567 
-2467, 4623, 4720, -4590 
-2467, 4623, 4720, -4590 
-2486, 4623, 4739, -4590 
-2486, 4623, 4739, -4590 
-2486, 4644, 4739, -4610 
-2486, 4644, 4739, -4610 
-2486, 4644, 4760, -4610 
-2486, 4644, 4760, -4610 
-2486, 4667, 4760, -4630 
-2486, 4667, 4760, -4630 
-2502, 4667, 4784, -4630 
-2502, 4692, 4784, -4653 
-2502, 4692, 4784, -4653 
-2502, 4692, 4784, -4653 
-2502, 4692, 4812, -4653 
-2502, 4692, 4812, -4653 
-2502, 4719, 4812, -4680 
-2502, 4719, 4812, -4680 
-2514, 4719, 4836, -4680 
-2514, 4743, 4836, -4701 
-2514, 4743, 4836, -4701 
-2514, 4743, 4836, -4701 
-2514, 4743, 4860, -4701 
-2514, 4767, 4860, -4724 
-2514, 4767, 4860, -4724 
-2514, 4767, 4860, -4724 
-2537, 4767, 4887, -4724 
-2537, 4767, 4887, -4724 
-2537, 4767, 4887, -4724 
-2537, 4799, 4887, -4757 
-2537, 4799, 4887, -4757 
-2537, 4799, 4887, -4757 
-2537, 4799, 4918, -4757 
-2537, 4828, 4918, -4781 
-2537, 4828, 4918, -4781 
-2537, 4828, 4918, -4781 
-2561, 4828, 4944, -4781 
-2561, 4828, 4944, -4781 
-2561, 4855, 4944, -4803 
-2561, 4855, 4944, -4803 
-2561, 4855, 4966, -4803 
-2561, 4855, 4966, -4803 
-2561, 4878, 4966, -4825 
-2561, 4878, 4966, -4825 
-2573, 4878, 4985, -4825 
-2573, 4901, 4985, -4846 
-2573, 4901, 4985, -4846 
-2573, 4901, 4985, -4846 
-2573, 4901, 5004, -4846 
-2573, 4923, 5004, -4868 
-2573, 4923, 5004, -4868 
-2586, 4923, 5023, -4868 
-2586, 4923, 5023, -4868 
-2586, 4943, 5023, -4889 
-2586, 4943, 5023, -4889 
-2586, 4943, 5040, -4889 
-2586, 4963, 5040, -4909 
-2586, 4963, 5040, -4909 
-2586, 4963, 5040, -4909 
-2609, 4963, 5062, -4909 
-2609, 4988, 5062, -4932 
-2609, 4988, 5062, -4932 
-2609, 4988, 5062, -4932 
-2609, 4988, 5084, -4932 
-2609, 5012, 5084, -4953 
-2609, 5012, 5084, -4953 
-2622, 5012, 5108, -4953 
-2622, 5012, 5108, -4953 
-2622, 5035, 5108, -4977 
-2622, 5035, 5108, -4977 
-2622, 5035, 5108, -4977 
-2622, 5035, 5133, -4977 
-2622, 5035, 5133, -4977 
-2622, 5068, 5133, -5009 
-2622, 5068, 5133, -5009 
-2637, 5068, 5155, -5009 
*************************
6, -6, -8, 8 
6, -6, -8, 8 
7, -6, -10, 8 
7, -6, -10, 8 
7, -8, -10, 11 
7, -8, -10, 11 
7, -8, -10, 11 
7, -8, -12, 11 
7, -9, -12, 13 
7, -9, -12, 13 
15, -9, -20, 13 
15, -9, -20, 13 
15, -9, -20, 14 
15, -9, -20, 14 
15, -9, -42, 14 
15, -9, -42, 14 
15, -23, -42, 30 
15, -23, -42, 30 
61, -23, -72, 30 
61, -47, -72, 55 
61, -47, -72, 55 
61, -47, -72, 55 
61, -47, -101, 55 
61, -71, -101, 83 
61, -71, -101, 83 
61, -71, -101, 83 
105, -71, -124, 83 
105, -97, -124, 113 
105, -97, -124, 113 
105, -97, -124, 113 
105, -97, -139, 113 
105, -117, -139, 137 
105, -117, -139, 137 
105, -117, -139, 137 
122, -117, -156, 137 
122, -137, -156, 159 
122, -137, -156, 159 
122, -137, -176, 159 
122, -137, -176, 159 
122, -157, -176, 178 
122, -157, -176, 178 
147, -157, -198, 178 
*************************
-1, 1, -12, -1 
-1, 1, -12, -1 
-1, 1, -12, -1 
-2, 1, -12, -1 
-2, 1, -12, -1 
-2, 1, -12, -1 
-2, 1, -12, -1 
-2, 1, -12, -1 
-2, 1, -12, -1 
-2, 1, -12, -1 
-2, 1, -12, -1 
-2, 1, -12, -1 
-2, 1, -11, -1 
-2, 1, -11, -1 
-2, 1, -11, -1 
-2, 1, 7, -1 
-2, 1, 7, -1 
-2, 7, 7, 8 
-2, 7, 7, 8 
20, 7, 31, 8 
20, 7, 31, 8 
20, 25, 31, 26 
20, 25, 31, 26 
20, 25, 51, 26 
20, 46, 51, 42 
20, 46, 51, 42 
20, 46, 51, 42 
63, 46, 68, 42 
63, 70, 68, 58 
63, 70, 68, 58 
63, 70, 68, 58 
63, 70, 87, 58 
63, 101, 87, 82 
63, 101, 87, 82 
63, 101, 87, 82 
132, 101, 107, 82 
132, 129, 107, 107 
132, 129, 107, 107 
132, 129, 107, 107 
132, 129, 130, 107 
132, 156, 130, 134 
132, 156, 130, 134 
197, 156, 157, 134 
197, 156, 157, 134 
197, 185, 157, 165 
197, 185, 157, 165 
197, 185, 157, 165 
197, 185, 192, 165 
197, 185, 192, 165 
197, 232, 192, 215 
197, 232, 192, 215 
197, 232, 192, 215 
292, 232, 235, 215 
292, 273, 235, 255 
292, 273, 235, 255 
292, 273, 235, 255 
292, 273, 270, 255 
292, 310, 270, 287 
292, 310, 270, 287 
292, 310, 270, 287 
370, 310, 307, 287 
370, 347, 307, 322 
370, 347, 307, 322 
370, 347, 345, 322 
370, 347, 345, 322 
370, 383, 345, 359 
370, 383, 345, 359 
370, 383, 345, 359 
456, 383, 390, 359 
456, 432, 390, 409 
456, 432, 390, 409 
456, 432, 390, 409 
456, 432, 429, 409 
456, 470, 429, 447 
456, 470, 429, 447 
456, 470, 429, 447 
541, 470, 478, 447 
541, 470, 478, 447 
541, 516, 478, 495 
541, 516, 478, 495 
541, 516, 522, 495 
541, 557, 522, 538 
541, 557, 522, 538 
541, 557, 522, 538 
627, 557, 563, 538 
627, 600, 563, 583 
627, 600, 563, 583 
627, 600, 563, 583 
627, 600, 605, 583 
627, 643, 605, 624 
627, 643, 605, 624 
627, 643, 605, 624 
721, 643, 657, 624 
721, 643, 657, 624 
721, 704, 657, 683 
721, 704, 657, 683 
721, 704, 657, 683 
721, 704, 716, 683 
721, 704, 716, 683 
721, 754, 716, 735 
721, 754, 716, 735 
823, 754, 759, 735 
823, 754, 759, 735 
823, 796, 759, 779 
823, 796, 759, 779 
823, 796, 803, 779 
823, 837, 803, 823 
823, 837, 803, 823 
823, 837, 803, 823 
912, 837, 847, 823 
912, 878, 847, 867 
912, 878, 847, 867 
912, 878, 888, 867 
912, 878, 888, 867 
912, 920, 888, 911 
912, 920, 888, 911 
1001, 920, 930, 911 
1001, 920, 930, 911 
1001, 963, 930, 953 
1001, 963, 930, 953 
1001, 963, 930, 953 
1001, 963, 980, 953 
1001, 1010, 980, 1002 
1001, 1010, 980, 1002 
1096, 1010, 1025, 1002 
1096, 1010, 1025, 1002 
1096, 1052, 1025, 1046 
1096, 1052, 1025, 1046 
1096, 1052, 1068, 1046 
1096, 1052, 1068, 1046 
1096, 1095, 1068, 1091 
1096, 1095, 1068, 1091 
1182, 1095, 1112, 1091 
1182, 1138, 1112, 1134 
1182, 1138, 1112, 1134 
1182, 1138, 1112, 1134 
1182, 1138, 1167, 1134 
1182, 1138, 1167, 1134 
1182, 1138, 1167, 1134 
1182, 1196, 1167, 1194 
1182, 1196, 1167, 1194 
1182, 1196, 1167, 1194 
1295, 1196, 1226, 1194 
1295, 1247, 1226, 1244 
1295, 1247, 1226, 1244 
1295, 1247, 1271, 1244 
1295, 1247, 1271, 1244 
1295, 1288, 1271, 1286 
1295, 1288, 1271, 1286 
1380, 1288, 1315, 1286 
1380, 1328, 1315, 1329 
1380, 1328, 1315, 1329 
1380, 1328, 1315, 1329 
1380, 1328, 1354, 1329 
1380, 1366, 1354, 1370 
1380, 1366, 1354, 1370 
1380, 1366, 1354, 1370 
1466, 1366, 1395, 1370 
1466, 1407, 1395, 1411 
1466, 1407, 1395, 1411 
1466, 1407, 1438, 1411 
1466, 1407, 1438, 1411 
1466, 1449, 1438, 1451 
1466, 1449, 1438, 1451 
1466, 1449, 1438, 1451 
1560, 1449, 1486, 1451 
1560, 1498, 1486, 1499 
1560, 1498, 1486, 1499 
1560, 1498, 1527, 1499 
1560, 1498, 1527, 1499 
1560, 1539, 1527, 1541 
1560, 1539, 1527, 1541 
1640, 1539, 1566, 1541 
1640, 1581, 1566, 1585 
1640, 1581, 1566, 1585 
1640, 1581, 1566, 1585 
1640, 1581, 1610, 1585 
1640, 1621, 1610, 1628 
1640, 1621, 1610, 1628 
1640, 1621, 1610, 1628 
1735, 1621, 1662, 1628 
1735, 1621, 1662, 1628 
1735, 1679, 1662, 1691 
1735, 1679, 1662, 1691 
1735, 1679, 1662, 1691 
1735, 1679, 1714, 1691 
1735, 1725, 1714, 1738 
1735, 1725, 1714, 1738 
1735, 1725, 1714, 1738 
1834, 1725, 1754, 1738 
1834, 1766, 1754, 1779 
1834, 1766, 1754, 1779 
1834, 1766, 1754, 1779 
1834, 1766, 1796, 1779 
1834, 1807, 1796, 1822 
1834, 1807, 1796, 1822 
1910, 1807, 1835, 1822 